X,Y,Z,formation,formationID
705002.938192,4836962.73593,50.629911495500004,sea,0
695080.8184270001,4839876.87089,67.6132902464,sea,0
685159.155249,4842790.664369999,89.52193074819999,sea,0
675237.927063,4845704.13045,113.05153079600001,sea,0
665317.112079,4848617.28324,130.541018353,sea,0
655396.688767,4851530.1368,124.24797315,sea,0
645476.635329,4854442.70522,120.493410148,sea,0
635556.9300729999,4857355.00257,109.471277045,sea,0
625637.55142,4860267.04292,282.451696918,sea,0
615718.4775970001,4863178.84033,390.519328156,sea,0
605799.687092,4866090.40885,454.60594492900003,sea,0
595881.1580449999,4869001.76253,416.879209058,sea,0
585962.868938,4871912.91545,228.62950845,sea,0
576044.79798,4874823.88162,259.467566908,sea,0
566126.923644,4877734.67511,1021.7801367999999,sea,0
556209.224132,4880645.30996,2046.38964253,sea,0
546291.6778310001,4883555.80019,3256.76550705,sea,0
536374.263088,4886466.15984,3389.54563689,sea,0
526456.9582819999,4889376.402969999,4692.01111892,sea,0
516539.741673,4892286.54359,3618.99145795,sea,0
506622.59163100005,4895196.59573,2659.6842450999998,sea,0
496705.48648500006,4898106.57341,2331.10700111,sea,0
486788.404593,4901016.490669999,4070.12934244,sea,0
476871.324194,4903926.36155,4055.61426532,sea,0
466954.22379399993,4906836.20006,4175.08431338,sea,0
457037.08161800005,4909746.02023,4263.87270582,sea,0
447119.875925,4912655.836069999,4437.32429664,sea,0
437202.58516099997,4915565.6616400005,4474.73547816,sea,0
427285.18764899997,4918475.51093,4490.46106642,sea,0
417367.661665,4921385.398,4500.11891524,sea,0
407449.985515,4924295.33685,4506.25366901,sea,0
397532.137538,4927205.34153,4528.82004013,sea,0
387614.096098,4930115.4260599995,4553.80920666,sea,0
702171.947634,4827378.68765,60.218474311899996,sea,0
692249.939768,4830292.88515,80.5985399132,sea,0
682328.382392,4833206.745180001,118.455745404,sea,0
672407.2537189999,4836120.2818599995,136.135081749,sea,0
662486.532073,4839033.50926,201.629062792,sea,0
652566.195816,4841946.44144,232.86612144400002,sea,0
642646.223194,4844859.0925199995,207.76364868099998,sea,0
632726.592719,4847771.47654,327.250463071,sea,0
622807.282483,4850683.60757,458.592161397,sea,0
612888.270997,4853595.49968,511.410163695,sea,0
602969.536503,4856507.16691,533.1306482690001,sea,0
593051.057283,4859418.62333,495.132589595,sea,0
583132.811807,4862329.88299,201.376358947,sea,0
573214.7783550001,4865240.95993,519.0070748859999,sea,0
563296.9352439999,4868151.86819,448.919219866,sea,0
553379.260829,4871062.62182,1603.42245151,sea,0
543461.733502,4873973.23484,2935.72311824,sea,0
533544.331462,4876883.7213,3574.42396028,sea,0
523627.0331,4879794.09524,4403.86894587,sea,0
513709.816843,4882704.370680001,4783.18237967,sea,0
503792.66092600004,4885614.56165,3346.67952727,sea,0
493875.543696,4888524.6821800005,2554.24262122,sea,0
483958.44353900006,4891434.74631,3215.8916510000004,sea,0
474041.33879799995,4894344.76804,4190.42977333,sea,0
464124.207776,4897254.76141,3805.47134943,sea,0
454207.028734,4900164.74046,3908.83508017,sea,0
444289.780125,4903074.7192,4404.86696264,sea,0
434372.44028100005,4905984.71166,4412.11223095,sea,0
424454.987415,4908894.731869999,4465.29971073,sea,0
414537.399928,4911804.79385,4490.67799235,sea,0
404619.65610100003,4914714.9116400005,4498.16720842,sea,0
394701.73432600003,4917625.09926,4514.19742886,sea,0
384783.612874,4920535.37075,4554.25869472,sea,0
689419.0390069999,4820709.02759,97.47589508729999,sea,0
679497.583403,4823622.94816,135.656943373,sea,0
669576.5503560001,4826536.549380001,147.772657044,sea,0
659655.91815,4829449.84534,398.936495159,sea,0
649735.665112,4832362.85014,450.215919379,sea,0
639815.769532,4835275.577819999,524.556692881,sea,0
629896.209819,4838188.04248,672.167825989,sea,0
619976.964191,4841100.25816,636.604906623,sea,0
610058.0110609999,4844012.23893,564.0540346290001,sea,0
600139.3287310001,4846923.99886,642.788565527,sea,0
590220.89562,4849835.55198,526.553351177,sea,0
580302.689882,4852746.9123599995,151.122880538,sea,0
570384.6900180001,4855658.09402,239.89279258099998,sea,0
560466.87434,4858569.11102,763.9483080010001,sea,0
550549.221127,4861479.9774,1776.93958461,sea,0
540631.708695,4864390.7072,3089.11930575,sea,0
530714.315482,4867301.31445,3752.78442789,sea,0
520797.01981,4870211.81317,4332.24097013,sea,0
510879.79996599996,4873122.2174,4921.64675642,sea,0
500962.63435600005,4876032.541180001,4417.35293579,sea,0
491045.501191,4878942.79854,3097.19021286,sea,0
481128.378958,4881853.0035,3565.61109917,sea,0
471211.24587299995,4884763.170080001,4274.59460935,sea,0
461294.08034700004,4887673.31231,3719.21986916,sea,0
451376.86075200007,4890583.44422,3876.46470908,sea,0
441459.565268,4893493.57983,3634.79094342,sea,0
431542.17234499997,4896403.73317,4350.16506525,sea,0
421624.660319,4899313.918269999,4399.66835706,sea,0
411707.00748200004,4902224.14916,4434.79628948,sea,0
401789.19208899996,4905134.43986,4472.84465518,sea,0
391871.19258800003,4908044.80442,4498.43298281,sea,0
381952.987227,4910955.25685,4550.91877524,sea,0
696509.917264,4808210.9896599995,68.998396473,sea,0
686588.1216600001,4811125.29414,128.120841813,sea,0
676666.7640979999,4814039.26921,140.033370006,sea,0
666745.822778,4816952.92897,454.623279175,sea,0
656825.276174,4819866.28749,646.237148165,sea,0
646905.102425,4822779.35886,645.757557447,sea,0
636985.2800149999,4825692.15715,1118.55725046,sea,0
627065.78717,4828604.69642,1242.93084466,sea,0
617146.602312,4831516.99075,1078.36915239,sea,0
607227.703678,4834429.0541900005,960.700638228,sea,0
597309.069702,4837340.900780001,807.533723387,sea,0
587390.678635,4840252.5446,530.364858433,sea,0
577472.508848,4843163.99968,149.929928203,sea,0
567554.538756,4846075.28006,154.097219336,sea,0
557636.746514,4848986.399809999,329.846918127,sea,0
547719.1106270001,4851897.37294,1901.57080809,sea,0
537801.6094140001,4854808.21349,3238.11492479,sea,0
527884.221162,4857718.93551,3846.70198215,sea,0
517966.924204,4860629.55303,5052.10342716,sea,0
508049.696991,4863540.08007,4900.98341094,sea,0
498132.517714,4866450.53066,4588.10349493,sea,0
488215.364758,4869360.91883,2783.12638197,sea,0
478298.216554,4872271.25861,3207.91218203,sea,0
468381.051345,4875181.564040001,4595.42816193,sea,0
458463.84749300004,4878091.849119999,3965.88315528,sea,0
448546.58332700003,4881002.12789,3803.52510831,sea,0
438629.23714,4883912.41438,3769.01323589,sea,0
428711.78734499996,4886822.72262,4422.5660362,sea,0
418794.212243,4889733.06662,4392.23054273,sea,0
408876.490173,4892643.46043,4399.98091326,sea,0
398958.599443,4895553.91806,4443.37692906,sea,0
389040.51831799996,4898464.45354,4501.19214881,sea,0
379122.22518400004,4901375.08093,4567.96428168,sea,0
693678.8891050001,4798627.33241,86.19120567440001,sea,0
683757.193859,4801541.6813199995,124.31593379700001,sea,0
673835.930369,4804455.70486,165.442062986,sea,0
663915.0769430001,4807369.4171,719.1937657110001,sea,0
653994.611938,4810282.83215,869.379445106,sea,0
644074.5136810001,4813195.96407,906.8311856180001,sea,0
634154.760546,4816108.82692,932.7267837999999,sea,0
624235.330726,4819021.434780001,1073.18001039,sea,0
614316.2026930001,4821933.80172,1413.37241968,sea,0
604397.354736,4824845.94178,1139.3561889,sea,0
594478.765191,4827757.86902,967.2475977080001,sea,0
584560.412368,4830669.59751,612.002701121,sea,0
574642.274624,4833581.14127,131.856336597,sea,0
564724.330365,4836492.51435,270.06955165200003,sea,0
554806.557814,4839403.7308,473.61406890800004,sea,0
544888.935397,4842314.80465,1099.72446714,sea,0
534971.441433,4845225.74995,2694.79290765,sea,0
525054.054214,4848136.5807300005,4034.41380763,sea,0
515136.75223100005,4851047.311000001,4470.38287912,sea,0
505219.51364200003,4853957.95482,4861.27106367,sea,0
495302.31688100006,4856868.526190001,4669.13397311,sea,0
485385.140351,4859779.03917,3949.09631085,sea,0
475467.96219799994,4862689.5077599995,2463.24705724,sea,0
465550.760996,4865599.94601,3354.57187676,sea,0
455633.51490600005,4868510.367930001,4658.0519638000005,sea,0
445716.202364,4871420.78756,3300.55530645,sea,0
435798.801625,4874331.21891,3864.75490608,sea,0
425881.291061,4877241.67601,3958.15523818,sea,0
415963.64901500003,4880152.1729,4400.52659083,sea,0
406045.853875,4883062.7236,4400.125973800001,sea,0
396127.88376399997,4885973.34215,4397.36368279,sea,0
386209.717233,4888884.04257,4386.86355205,sea,0
376291.33249299997,4891794.8389,4609.41687833,sea,0
690847.860264,4789043.79865,91.1931162391,sea,0
680926.261497,4791958.18591,122.8097868,sea,0
671005.088182,4794872.25185,513.067378321,sea,0
661084.318807,4797786.01052,1065.29738877,sea,0
651163.931535,4800699.47602,1029.44177377,sea,0
641243.904879,4803612.6624,1131.02849771,sea,0
631324.217101,4806525.583740001,1154.2638099,sea,0
621404.84644,4809438.25413,1228.37653035,sea,0
611485.771335,4812350.687609999,1635.32885061,sea,0
601566.970127,4815262.89822,1364.41953056,sea,0
591648.421129,4818174.90004,1106.03261751,sea,0
581730.102634,4821086.70713,657.723263271,sea,0
571811.993058,4823998.3335,195.68678316900002,sea,0
561894.070719,4826909.793219999,319.891292959,sea,0
551976.313987,4829821.1003,628.2407596930001,sea,0
542058.7011279999,4832732.26882,704.4893246810001,sea,0
532141.210539,4835643.3128,1257.69717025,sea,0
522223.82058999996,4838554.24625,3411.31675078,sea,0
512306.50954899995,4841465.08323,4368.7295654,sea,0
502389.255812,4844375.83777,4792.53960655,sea,0
492472.03767399996,4847286.52387,4652.46849718,sea,0
482554.833556,4850197.155590001,4497.49024528,sea,0
472637.621777,4853107.74694,4401.03969918,sea,0
462720.380551,4856018.31195,4409.02126029,sea,0
452803.08845,4858928.8646599995,4435.65787431,sea,0
442885.723559,4861839.41908,3042.89504263,sea,0
432968.264396,4864749.98923,4207.90686966,sea,0
423050.689218,4867660.58916,3663.97429909,sea,0
413132.976411,4870571.23288,4353.00112883,sea,0
403215.104175,4873481.93442,4401.77237854,sea,0
393297.05099099997,4876392.70782,4407.07432284,sea,0
383378.795078,4879303.56711,4464.41401376,sea,0
373460.314779,4882214.526330001,3980.32013947,sea,0
688016.836411,4779460.3832,88.909882331,sea,0
678095.330098,4782374.80285,123.927927269,sea,0
668174.243213,4785288.90519,188.465601011,sea,0
658253.553893,4788202.70429,807.2912833080001,sea,0
648333.2406319999,4791116.21425,1123.42699718,sea,0
638413.2816,4794029.44912,1392.67479592,sea,0
628493.6553260001,4796942.42298,1299.20262119,sea,0
618574.339936,4799855.14989,1466.61357544,sea,0
608655.313991,4802767.64392,1812.85900009,sea,0
598736.555653,4805679.91912,1447.53919117,sea,0
588818.043288,4808591.98954,1284.04445983,sea,0
578899.755319,4811503.86922,372.383990676,sea,0
568981.670072,4814415.57223,378.434092966,sea,0
559063.7658520001,4817327.1126,399.553229301,sea,0
549146.02094,4820238.50436,810.690002147,sea,0
539228.41383,4823149.76156,499.387637073,sea,0
529310.92276,4826060.89822,1433.99481552,sea,0
519393.52618000004,4828971.92839,2902.2862305,sea,0
509476.20228699996,4831882.8661,4315.81829707,sea,0
499558.92948500003,4834793.725380001,4820.43235731,sea,0
489641.68615799997,4837704.52024,4647.87231036,sea,0
479724.450589,4840615.26473,4535.09644069,sea,0
469807.20119399996,4843525.97286,4448.38942529,sea,0
459889.916287,4846436.65866,4404.52329362,sea,0
449972.574159,4849347.336180001,4406.06094201,sea,0
440055.153156,4852258.01941,4042.3043039000004,sea,0
430137.631675,4855168.72241,4347.20883199,sea,0
420219.988012,4858079.45918,4211.75774031,sea,0
410302.200516,4860990.24376,4374.70794921,sea,0
400384.247432,4863901.09019,4386.1277943000005,sea,0
390466.107213,4866812.012490001,4387.18019541,sea,0
380547.758128,4869723.02469,4403.56882849,sea,0
370629.178421,4872634.14083,4454.29977961,sea,0
685185.823359,4769877.08323,65.0674097187,sea,0
675264.405779,4772791.52921,125.887244584,sea,0
665343.401272,4775705.66191,144.470780302,sea,0
655422.7882279999,4778619.4954,799.783503758,sea,0
645502.5449430001,4781533.043769999,1083.11510008,sea,0
635582.649772,4784446.32109,1235.04487454,sea,0
625663.081051,4787359.3414199995,1429.11587736,sea,0
615743.817174,4790272.1188199995,1502.18098193,sea,0
605824.836367,4793184.66737,1548.71553653,sea,0
595906.117066,4796097.00111,1803.54356289,sea,0
585987.637537,4799009.13409,1567.90210274,sea,0
576069.376181,4801921.08036,833.221333137,sea,0
566151.311306,4804832.85395,307.69478078099996,sea,0
556233.421278,4807744.46894,613.543115257,sea,0
546315.684447,4810655.93934,570.537990189,sea,0
536398.079219,4813567.279180001,1346.12758278,sea,0
526480.5837569999,4816478.50252,1836.54849553,sea,0
516563.17658599996,4819389.623369999,2672.29056258,sea,0
506645.835982,4822300.65577,4621.39487612,sea,0
496728.540282,4825211.61375,4928.00699326,sea,0
486811.26788,4828122.51135,4656.30711408,sea,0
476893.997075,4831033.36257,4562.15338128,sea,0
466976.70614799997,4833944.18146,4450.41469555,sea,0
457059.373587,4836854.982030001,4441.66082255,sea,0
447141.977635,4839765.77832,4397.86651621,sea,0
437224.496665,4842676.58436,4397.54934372,sea,0
427306.908954,4845587.41416,4347.89421698,sea,0
417389.192912,4848498.28176,4352.65064494,sea,0
407471.326851,4851409.20118,4350.15912477,sea,0
397553.289137,4854320.1864599995,4351.36277873,sea,0
387635.05796199996,4857231.25164,4374.39439065,sea,0
377716.6118,4860142.41072,3147.0301523000003,sea,0
367797.928874,4863053.677759999,4410.76234154,sea,0
682354.827437,4760293.89564,86.685357416,sea,0
672433.4945680001,4763208.36186,73.8435818334,sea,0
662512.568613,4766122.51883,152.872016487,sea,0
652592.027911,4769036.38062,360.84982008,sea,0
642671.8507859999,4771949.96133,1049.89618364,sea,0
632752.015546,4774863.275,1227.63974632,sea,0
622832.500563,4777776.33571,1385.97957308,sea,0
612913.284194,4780689.15753,1624.0545365,sea,0
602994.3447060001,4783601.754509999,1733.08513505,sea,0
593075.660506,4786514.1407,2219.49265672,sea,0
583157.209907,4789426.33015,1837.07942454,sea,0
573238.97129,4792338.33691,1623.42358134,sea,0
563320.922943,4795250.1750300005,191.33872460400002,sea,0
553403.043216,4798161.85856,508.534667751,sea,0
543485.310599,4801073.4015,1087.64278173,sea,0
533567.703264,4803984.817919999,1093.28193929,sea,0
523650.19959499995,4806896.12184,1600.74576445,sea,0
513732.777964,4809807.32729,2799.98914775,sea,0
503815.416728,4812718.44831,4445.02486095,sea,0
493898.09423000005,4815629.498930001,5118.59559089,sea,0
483980.78887399996,4818540.49317,4688.21105161,sea,0
474063.47881899995,4821451.445069999,4449.9633514,sea,0
464146.142594,4824362.36864,4501.56264646,sea,0
454228.75848,4827273.2779,4452.72597559,sea,0
444311.304818,4830184.1869,4409.77915834,sea,0
434393.759936,4833095.10966,4384.07685183,sea,0
424476.102219,4836006.0602,4377.94218739,sea,0
414558.30988200003,4838917.05255,4348.87524736,sea,0
404640.361431,4841828.10075,4350.23570256,sea,0
394722.23504400003,4844739.2188099995,4350.13565716,sea,0
384803.90911300003,4847650.42079,4370.55419104,sea,0
374885.36193400004,4850561.72069,4349.01134855,sea,0
364966.571858,4853473.13258,4348.42186541,sea,0
679523.8537600001,4750710.814809999,155.28484887,sea,0
669602.601819,4753625.29529,150.133964987,sea,0
659681.750524,4756539.47056,155.75800767200002,sea,0
649761.278311,4759453.35469,725.748474296,sea,0
639841.163452,4762366.96174,1032.07281723,sea,0
629921.3842859999,4765280.3058,1243.79216446,sea,0
620001.919218,4768193.4009300005,1562.89286889,sea,0
610082.746489,4771106.26119,1767.03171484,sea,0
600163.844408,4774018.90063,1994.25644886,sea,0
590245.1915,4776931.33331,2213.9367425,sea,0
580326.765977,4779843.57327,2106.62750211,sea,0
570408.546195,4782755.63457,1940.17026621,sea,0
560490.510571,4785667.53124,1334.20316184,sea,0
550572.637365,4788579.27733,644.545055051,sea,0
540654.904978,4791490.88686,1161.44218728,sea,0
530737.291722,4794402.37389,1326.91980759,sea,0
520819.77597799996,4797313.75243,1406.85277896,sea,0
510902.336039,4800225.03654,2004.2168100000001,sea,0
500984.950416,4803136.2402099995,5060.74936024,sea,0
491067.597229,4806047.37751,5356.89740366,sea,0
481150.25496800005,4808958.46244,4756.5602277,sea,0
471232.90195699997,4811869.50904,4547.18006616,sea,0
461315.516512,4814780.53132,4452.45474402,sea,0
451398.07701099996,4817691.543330001,4412.33647631,sea,0
441480.56182,4820602.559090001,4350.0311486,sea,0
431562.949141,4823513.59261,4319.62420277,sea,0
421645.217466,4826424.65794,4351.41333952,sea,0
411727.345123,4829335.7691,4303.3577063,sea,0
401809.310272,4832246.94011,4310.878338,sea,0
391891.09144299995,4835158.185,4362.08742014,sea,0
381972.666917,4838069.51783,4346.63586465,sea,0
372054.014889,4840980.9526,4349.08952246,sea,0
362135.113839,4843892.50337,4304.54576298,sea,0
676692.908517,4741127.83792,150.002368595,sea,0
666771.7335770001,4744042.32663,149.892775555,sea,0
656850.953126,4746956.514169999,159.33474403600002,sea,0
646930.545543,4749870.41459,783.094256325,sea,0
637010.489052,4752784.04198,1254.93497707,sea,0
627090.762092,4755697.4104,1246.06197275,sea,0
617171.34295,4758610.533919999,1530.01022377,sea,0
607252.209976,4761523.426580001,1963.07093695,sea,0
597333.341519,4764436.102469999,2190.63501309,sea,0
587414.715996,4767348.5756,2250.56841102,sea,0
577496.311664,4770260.86005,2246.99003443,sea,0
567578.106853,4773172.96985,1540.83913944,sea,0
557660.080036,4776084.91905,2126.16791448,sea,0
547742.209454,4778996.72168,1077.93291059,sea,0
537824.473417,4781908.39179,1616.93741424,sea,0
527906.8504560001,4784819.9434,1556.50728781,sea,0
517989.318716,4787731.39055,1631.72147674,sea,0
508071.85671499994,4790642.747269999,2900.92382597,sea,0
498154.44266099995,4793554.02759,5378.32552614,sea,0
488237.054983,4796465.2455400005,5310.63334861,sea,0
478319.672025,4799376.41514,4754.35702698,sea,0
468402.272126,4802287.550430001,4570.77623508,sea,0
458484.83361499995,4805198.66541,4496.60172798,sea,0
448567.334891,4808109.77414,4433.21350966,sea,0
438649.75418900006,4811020.89063,4396.33838433,sea,0
428732.069967,4813932.02891,4394.74126798,sea,0
418814.260444,4816843.20301,4302.42738116,sea,0
408896.30405700003,4819754.42695,4318.79827944,sea,0
398978.179158,4822665.71476,4105.50076848,sea,0
389059.863933,4825577.08048,4265.17729971,sea,0
379141.33686599997,4828488.53815,4291.34486974,sea,0
369222.576198,4831400.10178,4349.49182145,sea,0
359303.560309,4834311.78541,4363.22565901,sea,0
673861.9977439999,4731544.96196,150.017926841,sea,0
663940.89596,4734459.45283,152.439815658,sea,0
654020.18239,4737373.64655,159.802553513,sea,0
644099.8355060001,4740287.55719,471.429506946,sea,0
634179.833555,4743201.19884,984.0269138660001,sea,0
624260.154851,4746114.58554,1246.72619884,sea,0
614340.777859,4749027.73136,1915.98072611,sea,0
604421.680816,4751940.650359999,2232.6062896,sea,0
594502.84203,4754853.3566,2499.65737292,sea,0
584584.239958,4757765.86412,2366.61694267,sea,0
574665.8529810001,4760678.186980001,2441.02525195,sea,0
564747.659248,4763590.3392199995,1200.78251862,sea,0
554829.637361,4766502.334869999,2135.69328876,sea,0
544911.765467,4769414.18798,1893.389875,sea,0
534994.0220100001,4772325.91258,1968.69499106,sea,0
525076.3853590001,4775237.5227,2095.50401597,sea,0
515158.83380200004,4778149.03239,2319.68105802,sea,0
505241.345702,4781060.4556599995,3389.69037361,sea,0
495323.89949399995,4783971.80655,5493.10147984,sea,0
485406.47338100005,4786883.09908,5289.2734144,sea,0
475489.04586899997,4789794.34729,4807.8547263,sea,0
465571.595154,4792705.56519,4565.853032600001,sea,0
455654.099655,4795616.76683,4498.96574902,sea,0
445736.53779,4798527.96621,4298.860616100001,sea,0
435818.88781800005,4801439.17738,4401.47676091,sea,0
425901.128069,4804350.414340001,4383.88698972,sea,0
415983.236868,4807261.69114,4247.38253715,sea,0
406065.192609,4810173.0218,3746.55397827,sea,0
396146.973681,4813084.42035,4060.89593379,sea,0
386228.55823699996,4815995.900830001,4303.60788836,sea,0
376309.924802,4818907.47727,4304.95066093,sea,0
366391.051515,4821819.16369,4375.22732929,sea,0
356471.916884,4824730.9741400005,4400.27414042,sea,0
671031.1272189999,4721962.18254,149.985164838,sea,0
661110.094685,4724876.669509999,150.05796192100001,sea,0
651189.444194,4727790.863390001,160.821383539,sea,0
641269.154084,4730704.77821,169.087216162,sea,0
631349.20277,4733618.42805,825.00529764,sea,0
621429.568519,4736531.82699,1297.5169406,sea,0
611510.229671,4739444.989080001,2026.54591953,sea,0
601591.164647,4742357.92839,2361.63597421,sea,0
591672.351713,4745270.65895,2475.08264266,sea,0
581753.769293,4748183.19483,2350.42813022,sea,0
571835.395658,4751095.55005,2554.05204952,sea,0
561917.2092319999,4754007.73869,1670.25115074,sea,0
551999.188367,4756919.7747599995,2588.68819382,sea,0
542081.311338,4759831.67231,2381.90971497,sea,0
532163.5564979999,4762743.44537,2792.93969429,sea,0
522245.902279,4765655.10798,2330.04203322,sea,0
512328.327035,4768566.67416,1550.78591315,sea,0
502410.809049,4771478.1579599995,3582.49835984,sea,0
492493.32667700003,4774389.5733900005,5095.81023577,sea,0
482575.85835299996,4777300.93448,5230.76409246,sea,0
472658.382284,4780212.25526,4796.81459104,sea,0
462740.87698100007,4783123.54975,4452.88940321,sea,0
452823.320726,4786034.8319999995,4548.17892535,sea,0
442905.69180100004,4788946.116,4434.30203533,sea,0
432987.96856199997,4791857.41581,4161.90574446,sea,0
423070.12944,4794768.74544,4483.18830769,sea,0
413152.15279,4797680.11893,4154.39027009,sea,0
403234.01681,4800591.55028,4259.45625376,sea,0
393315.69985,4803503.05355,4274.2085416,sea,0
383397.180406,4806414.64275,4340.75723954,sea,0
373478.436668,4809326.33193,4329.25677552,sea,0
363559.446973,4812238.13513,4353.19766398,sea,0
353640.189654,4815150.066380001,4413.59934583,sea,0
668200.302675,4712379.495709999,139.70418179700002,sea,0
658279.3354989999,4715293.97277,149.956709257,sea,0
648358.744144,4718208.16074,153.364948119,sea,0
638438.507037,4721122.07371,169.371048301,sea,0
628518.602388,4724035.72575,200.553759547,sea,0
618599.008709,4726949.1309,299.871802087,sea,0
608679.704218,4729862.303230001,1332.24876673,sea,0
598760.667365,4732775.25681,2275.11935024,sea,0
588841.876377,4735688.00567,2629.89678682,sea,0
578923.309713,4738600.56386,2379.83413444,sea,0
569004.945612,4741512.94544,2711.58595065,sea,0
559086.7625439999,4744425.16445,2478.57338185,sea,0
549168.738834,4747337.23491,2358.35666612,sea,0
539250.852737,4750249.17088,3154.36939518,sea,0
529333.0827390001,4753160.986380001,3560.44274606,sea,0
519415.407105,4756072.69544,2323.15575491,sea,0
509497.804255,4758984.31212,1752.98152414,sea,0
499580.25254099997,4761895.8504,3689.26826413,sea,0
489662.73016599996,4764807.32435,4434.87258631,sea,0
479745.21571499994,4767718.74797,5619.03239658,sea,0
469827.687327,4770630.13531,4584.59183599,sea,0
459910.12351899996,4773541.50038,4541.79043594,sea,0
449992.502512,4776452.85722,4273.89695893,sea,0
440074.802679,4779364.21984,4549.69101635,sea,0
430157.002473,4782275.60226,4304.92585934,sea,0
420239.080123,4785187.018540001,4492.57242449,sea,0
410321.013933,4788098.48268,4433.18803661,sea,0
400402.782364,4791010.008719999,4211.35206023,sea,0
390484.363723,4793921.61068,4445.80070151,sea,0
380565.73624299996,4796833.30261,4451.1741916,sea,0
370646.87831,4799745.09853,4410.26039694,sea,0
360727.768306,4802657.01248,4390.11303858,sea,0
350808.38454,4805569.0585,4248.94892875,sea,0
665369.529933,4702796.897480001,143.12705098700002,sea,0
655448.624242,4705711.3586099995,147.194733232,sea,0
645528.088168,4708625.53469,156.408370385,sea,0
635607.900079,4711539.43979,168.920816427,sea,0
625688.0384229999,4714453.08798,190.537598608,sea,0
615768.481361,4717366.4933400005,191.47726359,sea,0
605849.20736,4720279.6698900005,1070.83695941,sea,0
595930.194747,4723192.631709999,2248.41850172,sea,0
586011.421858,4726105.39287,2555.35007897,sea,0
576092.867038,4729017.96736,2507.68224861,sea,0
566174.508641,4731930.36928,2803.51599268,sea,0
556256.325107,4734842.61265,2668.77177312,sea,0
546338.294657,4737754.7115,2751.856425,sea,0
536420.395676,4740666.67987,2786.35932066,sea,0
526502.6066279999,4743578.5318,3648.56777566,sea,0
516584.905688,4746490.28132,2494.63643707,sea,0
506667.27141800005,4749401.94245,2410.77677446,sea,0
496749.682008,4752313.52923,3182.42315586,sea,0
486832.11588500004,4755225.05568,4631.39847511,sea,0
476914.551333,4758136.53585,5530.48065919,sea,0
466996.966796,4761047.98373,4374.86336116,sea,0
457079.340574,4763959.41336,4154.26686377,sea,0
447161.650973,4766870.83878,4492.53231747,sea,0
437243.876459,4769782.27401,4581.0801389,sea,0
427325.995277,4772693.7330599995,4576.9149801,sea,0
417407.98583099997,4775605.22996,4605.50371067,sea,0
407489.826377,4778516.77877,4488.99472376,sea,0
397571.49533,4781428.39348,4402.84277385,sea,0
387652.971034,4784340.088140001,4490.91250581,sea,0
377734.231683,4787251.8767800005,4503.87274657,sea,0
367815.255858,4790163.773440001,4453.30462247,sea,0
357896.021609,4793075.79213,4497.07636795,sea,0
347976.507445,4795987.94694,4175.71677676,sea,0
662538.81461,4693214.38365,145.5969461,sea,0
652617.966547,4696128.8228400005,144.329321069,sea,0
642697.481915,4699042.98103,151.593255661,sea,0
632777.339091,4701956.872269999,164.775004201,sea,0
622857.516391,4704870.51065,172.94521893900003,sea,0
612937.992142,4707783.9102,183.251443403,sea,0
603018.7447609999,4710697.085,811.8170747460001,sea,0
593099.752526,4713610.0491,2275.9819495,sea,0
583180.993879,4716522.81654,2571.09412388,sea,0
573262.44705,4719435.401380001,2673.94505431,sea,0
563344.090507,4722347.81764,2857.36893338,sea,0
553425.902583,4725260.07938,2887.60720461,sea,0
543507.861621,4728172.20063,2911.30097986,sea,0
533589.945904,4731084.19543,2675.37599439,sea,0
523672.13387799996,4733996.0778,3288.54164371,sea,0
513754.40385299997,4736907.86179,2947.92126042,sea,0
503836.73422399996,4739819.56141,2170.39876855,sea,0
493919.10332600004,4742731.1907,3375.87923985,sea,0
484001.489505,4745642.76369,5612.52791303,sea,0
474083.87111999997,4748554.29439,5743.37393822,sea,0
464166.22646700003,4751465.79685,4440.21028548,sea,0
454248.53400200006,4754377.285069999,4046.71570146,sea,0
444330.772044,4757288.7731,4307.22848841,sea,0
434412.91892299993,4760200.27495,4512.25887432,sea,0
424494.95297800004,4763111.80465,4506.86766392,sea,0
414576.85248299997,4766023.37622,4500.29739203,sea,0
404658.595949,4768935.00371,4523.23733679,sea,0
394740.161593,4771846.701119999,4508.82429676,sea,0
384821.527719,4774758.4825,4456.14534712,sea,0
374902.672786,4777670.36189,4504.19261489,sea,0
364983.575037,4780582.3533,4601.40306951,sea,0
355064.212796,4783494.47079,4456.11237322,sea,0
345144.564395,4786406.72838,4397.61468655,sea,0
659708.162996,4683631.95185,141.628477024,sea,0
649787.368647,4686546.36304,143.465892144,sea,0
639866.931553,4689460.49726,145.14931766,sea,0
629946.830026,4692374.36857,160.672299677,sea,0
620027.04247,4695287.99105,165.063037939,sea,0
610107.547155,4698201.378740001,200.106619628,sea,0
600188.3225189999,4701114.5457,744.5788079660001,sea,0
590269.34679,4704027.50599,2284.59754437,sea,0
580350.59844,4706940.2736599995,2719.06767101,sea,0
570432.055808,4709852.86275,2801.84717389,sea,0
560513.697174,4712765.28729,2854.77539828,sea,0
550595.500985,4715677.5613400005,2887.91524909,sea,0
540677.445557,4718589.698919999,2134.55052368,sea,0
530759.5092229999,4721501.71406,2561.29999704,sea,0
520841.67040500004,4724413.62081,3501.14526654,sea,0
510923.907396,4727325.4332,2371.46493711,sea,0
501006.1985020001,4730237.16524,2680.62085899,sea,0
491088.522274,4733148.83098,2672.48386313,sea,0
481170.85682700004,4736060.44443,5406.69452429,sea,0
471253.18074399995,4738972.01961,5757.21710733,sea,0
461335.47216999996,4741883.57056,4723.12721262,sea,0
451417.70957,4744795.11131,4497.73720321,sea,0
441499.87127299997,4747706.65588,4325.50530633,sea,0
431581.935695,4750618.21829,4644.50968278,sea,0
421663.881045,4753529.8125599995,4584.7874258,sea,0
411745.68577,4756441.452740001,4556.35926609,sea,0
401827.328178,4759353.152840001,4566.46739031,sea,0
391908.786593,4762264.92689,4553.81221445,sea,0
381990.03935,4765176.788930001,4437.3796378,sea,0
372071.064874,4768088.75298,4486.11019468,sea,0
362151.84137,4771000.8331,4519.39204707,sea,0
352232.34721,4773913.04331,4509.90425163,sea,0
342312.560698,4776825.3976300005,4388.76015694,sea,0
656877.580995,4674049.59822,143.238688726,sea,0
646956.836465,4676963.975319999,145.12413456299998,sea,0
637036.443022,4679878.0795,140.27533428799998,sea,0
627116.378986,4682791.92481,147.228716765,sea,0
617196.622623,4685705.5253099995,199.946381463,sea,0
607277.152367,4688618.89507,188.60698940900002,sea,0
597357.946527,4691532.04813,765.7792659789999,sea,0
587438.983504,4694444.99854,2267.53800605,sea,0
577520.241574,4697357.760369999,2750.94497247,sea,0
567601.69918,4700270.34764,2856.76490173,sea,0
557683.334641,4703182.77439,2844.78685864,sea,0
547765.1262930001,4706095.0546699995,2892.85477286,sea,0
537847.0525720001,4709007.20251,2494.36072819,sea,0
527929.091706,4711919.23196,1946.07682294,sea,0
518011.22217200004,4714831.15701,3287.05918823,sea,0
508093.422242,4717742.99173,1962.59814797,sea,0
498175.67035900004,4720654.7501300005,1838.85513365,sea,0
488257.944762,4723566.44624,3457.76586626,sea,0
478340.223934,4726478.09408,4657.80914763,sea,0
468422.486154,4729389.7076900005,5611.43133187,sea,0
458504.70979700005,4732301.301080001,4700.97805191,sea,0
448586.873254,4735212.88829,4460.49549358,sea,0
438668.95478900004,4738124.48333,4523.85925702,sea,0
428750.93275700003,4741036.1002400005,4611.40872527,sea,0
418832.785609,4743947.75303,4404.51477709,sea,0
408914.491586,4746859.45575,4494.54399831,sea,0
398996.029098,4749771.2224,4516.32928129,sea,0
389077.376422,4752683.0670300005,4502.02367722,sea,0
379158.511926,4755595.00366,4505.52256422,sea,0
369239.413994,4758507.04634,4493.817,sea,0
359320.0608,4761419.20909,4506.93129638,sea,0
349400.430834,4764331.50595,4524.09102364,sea,0
339480.502373,4767243.95097,4499.10640122,sea,0
654047.074069,4664467.318,144.031905829,sea,0
644126.375567,4667381.6550199995,145.210990794,sea,0
634206.021911,4670295.72315,144.428223436,sea,0
624285.9914279999,4673209.53644,138.403395585,sea,0
614366.2624680001,4676123.10896,149.233920934,sea,0
604446.81333,4679036.45477,438.002660674,sea,0
594527.62249,4681949.58792,1348.19418724,sea,0
584608.668222,4684862.52245,2234.48062469,sea,0
574689.9289020001,4687775.272419999,2703.18376661,sea,0
564771.38293,4690687.85186,2864.07119547,sea,0
554853.0085090001,4693600.2748300005,2838.03149832,sea,0
544934.784238,4696512.55534,2879.95146865,sea,0
535016.688294,4699424.70743,2478.58889493,sea,0
525098.699031,4702336.74515,1854.72082042,sea,0
515180.79489799996,4705248.682519999,2923.35049827,sea,0
505262.95429799997,4708160.533559999,1890.25504738,sea,0
495345.155434,4711072.31231,2038.64882856,sea,0
485427.376757,4713984.032790001,2416.53889586,sea,0
475509.596591,4716895.70902,4665.01214393,sea,0
465591.79336300003,4719807.35505,5610.52530194,sea,0
455673.945296,4722718.98488,4732.33484339,sea,0
445756.030863,4725630.61254,4446.90315171,sea,0
435838.02833299997,4728542.25206,4386.06570195,sea,0
425919.91615,4731453.91747,3897.70614193,sea,0
416001.672555,4734365.622769999,4228.98868134,sea,0
406083.27596,4737277.382019999,4501.51319354,sea,0
396164.704725,4740189.20923,4500.00065266,sea,0
386245.93707800005,4743101.118430001,4505.46823299,sea,0
376326.951496,4746013.12367,4500.02095246,sea,0
366407.726172,4748925.23896,4499.18303503,sea,0
356488.239547,4751837.47835,4498.63272083,sea,0
346568.469928,4754749.855880001,4502.80945168,sea,0
336648.39556599996,4757662.385559999,4503.57105711,sea,0
651216.648196,4654885.107419999,146.09090201700002,sea,0
641295.991805,4657799.39834,145.802521071,sea,0
631375.6740189999,4660713.42439,144.876758575,sea,0
621455.673242,4663627.199659999,150.313133566,sea,0
611535.967758,4666540.73819,177.910632215,sea,0
601616.535955,4669454.05405,749.0501359860001,sea,0
591697.356247,4672367.161280001,1208.19869629,sea,0
581778.4068560001,4675280.073919999,1825.75412857,sea,0
571859.666258,4678192.806030001,2489.0000096999997,sea,0
561941.112806,4681105.37165,2773.67804671,sea,0
552022.724734,4684017.78479,2889.03857495,sea,0
542104.480532,4686930.05953,2787.09215391,sea,0
532186.358566,4689842.2098900005,2354.01900762,sea,0
522268.33708500006,4692754.24988,1698.03817704,sea,0
512350.39458900003,4695666.19354,2420.45872511,sea,0
502432.509309,4698578.0549099995,1498.14179183,sea,0
492514.659655,4701489.84801,2087.48643506,sea,0
482596.82398999995,4704401.58686,3084.00104942,sea,0
472678.980705,4707313.28548,4589.91069585,sea,0
462761.108071,4710224.95792,5946.86120855,sea,0
452843.18446099997,4713136.61818,4730.74592761,sea,0
442925.18835,4716048.2803,4405.75807832,sea,0
433007.09793999995,4718959.9583,4222.1135935,sea,0
423088.891612,4721871.66619,3859.16719678,sea,0
413170.547771,4724783.41802,4144.39440358,sea,0
403252.04469899996,4727695.2278,4478.94493511,sea,0
393333.360853,4730607.109569999,4516.09023049,sea,0
383414.474416,4733519.0773599995,4515.06280083,sea,0
373495.36381999997,4736431.14518,4509.28587372,sea,0
363576.007369,4739343.32709,4500.1920168999995,sea,0
353656.383392,4742255.637130001,4498.91566057,sea,0
343736.47024,4745168.08931,4498.64083252,sea,0
333816.24621300003,4748080.69769,4499.82520291,sea,0
648386.3090979999,4645302.962719999,143.070918637,sea,0
638465.690929,4648217.20152,145.737052631,sea,0
628545.405191,4651131.17951,141.903404969,sea,0
618625.430217,4654044.910730001,150.04894891700002,sea,0
608705.744372,4656958.40928,157.730733105,sea,0
598786.326052,4659871.68916,685.093226189,sea,0
588867.15354,4662784.76446,1500.22602629,sea,0
578948.205225,4665697.6492099995,2575.72547157,sea,0
569029.459455,4668610.35744,2558.75912449,sea,0
559110.894611,4671522.90322,2778.49203734,sea,0
549192.489109,4674435.30057,2985.62949921,sea,0
539274.221175,4677347.563519999,2767.53166972,sea,0
529356.069289,4680259.706119999,1968.91161199,sea,0
519438.01174399996,4683171.742380001,1576.76985882,sea,0
509520.026864,4686083.6863400005,1152.15106943,sea,0
499602.09315699997,4688995.552019999,1178.89336682,sea,0
489684.188865,4691907.3534699995,2541.82634076,sea,0
479766.29233599995,4694819.10469,3386.78795528,sea,0
469848.381951,4697730.8197,4500.53764351,sea,0
459930.436126,4700642.5125400005,5971.76589464,sea,0
450012.43315500004,4703554.197240001,4760.82207695,sea,0
440094.351442,4706465.88781,4397.77424168,sea,0
430176.16926999995,4709377.5982800005,4253.48502603,sea,0
420257.86503000004,4712289.34266,3974.21696687,sea,0
410339.417067,4715201.135,4053.4498935999995,sea,0
400420.803682,4718112.98932,4497.46473197,sea,0
390502.003279,4721024.91964,4521.33970692,sea,0
380582.994218,4723936.94,4514.76855423,sea,0
370663.75473499997,4726849.06443,4508.64273288,sea,0
360744.263247,4729761.30696,4500.28725966,sea,0
350824.498121,4732673.6816300005,4500.0048911,sea,0
340904.437526,4735586.20248,4500.00695431,sea,0
330984.059956,4738498.88354,4500.07009843,sea,0
645556.062866,4635720.88125,140.08703693,sea,0
635635.479054,4638635.06186,143.18852705,sea,0
625715.221491,4641548.98568,141.90599386600002,sea,0
615795.268509,4644462.6668,148.638774409,sea,0
605875.598402,4647376.11926,160.12635133700002,sea,0
595956.1895770001,4650289.35711,202.576726545,sea,0
586037.020477,4653202.39439,1614.28812952,sea,0
576118.0692850001,4656115.2451599995,2532.56884895,sea,0
566199.31452,4659027.92346,2662.39017241,sea,0
556280.734515,4661940.44331,3055.74932452,sea,0
546362.3074909999,4664852.81878,2802.05129637,sea,0
536444.012006,4667765.06387,2416.86244578,sea,0
526525.826281,4670677.19263,2465.6830675,sea,0
516607.7288,4673589.21909,1184.28969454,sea,0
506689.697786,4676501.157269999,1259.45139114,sea,0
496771.71164700005,4679413.02121,1229.75546192,sea,0
486853.748829,4682324.82491,1718.54409233,sea,0
476935.787591,4685236.58242,4198.86391211,sea,0
467017.80630399997,4688148.30775,5229.90351253,sea,0
457099.783374,4691060.01492,5756.45158729,sea,0
447181.69716899993,4693971.71798,5181.73908942,sea,0
437263.525945,4696883.430919999,4512.75100602,sea,0
427345.248139,4699795.16779,4285.5047738,sea,0
417426.842077,4702706.94261,4109.15024637,sea,0
407508.286119,4705618.76938,4212.69928883,sea,0
397589.558581,4708530.662169999,4501.28188313,sea,0
387670.637817,4711442.63497,4496.17489267,sea,0
377751.502136,4714354.70184,4480.61107927,sea,0
367832.129956,4717266.87679,4486.03423685,sea,0
357912.499577,4720179.17387,4498.09065268,sea,0
347992.58933000005,4723091.60711,4499.8020936,sea,0
338072.3775,4726004.19055,4497.87755529,sea,0
328151.842404,4728916.93823,4499.63870719,sea,0
642725.915285,4626138.85814,135.766710851,sea,0
632805.361928,4629052.97454,138.30983398700002,sea,0
622885.128622,4631966.8382,139.921843981,sea,0
612965.193696,4634880.4631900005,144.563936301,sea,0
603045.535522,4637793.86355,154.580875626,sea,0
593126.13244,4640707.05334,185.714702092,sea,0
583206.962755,4643620.04661,1988.63092713,sea,0
573288.004891,4646532.8573900005,2682.3224306999996,sea,0
563369.237235,4649445.49973,2845.21000218,sea,0
553450.638145,4652357.98766,2906.95333079,sea,0
543532.1858720001,4655270.33523,2810.1400771,sea,0
533613.858929,4658182.55645,2786.33916926,sea,0
523695.635503,4661094.66537,2487.14178558,sea,0
513777.494192,4664006.67601,1350.74264377,sea,0
503859.41311400005,4666918.60241,1640.56679235,sea,0
493941.370803,4669830.45857,1887.13083468,sea,0
484023.34553500003,4672742.25854,2044.43264554,sea,0
474105.31577700004,4675654.01633,4229.55860456,sea,0
464187.259736,4678565.74596,5550.51278193,sea,0
454269.155813,4681477.4614699995,5358.8221876,sea,0
444350.982445,4684389.17688,5170.12489678,sea,0
434432.717963,4687300.9061900005,4495.36013253,sea,0
424514.34066,4690212.66345,4188.66944443,sea,0
414595.82886999997,4693124.46268,4208.17676313,sea,0
404677.16104000004,4696036.3179,4320.45747985,sea,0
394758.31543099997,4698948.24313,4500.27004704,sea,0
384839.270491,4701860.25242,4427.37767869,sea,0
374920.004405,4704772.3597800005,4374.58901275,sea,0
365000.495621,4707684.57926,4442.82370347,sea,0
355080.722472,4710596.924869999,4500.55580627,sea,0
345160.663252,4713509.410680001,4501.36418524,sea,0
335240.296288,4716422.05071,4494.10535663,sea,0
325319.599869,4719334.858990001,4501.24519358,sea,0
639895.8720859999,4616556.88995,132.98327316,sea,0
629975.345312,4619470.93611,135.068828183,sea,0
620055.132444,4622384.73357,136.489849454,sea,0
610135.211735,4625298.2964,142.641091243,sea,0
600215.561559,4628211.63865,149.286347252,sea,0
590296.16026,4631124.77435,519.2079607009999,sea,0
580376.986227,4634037.71756,2218.80522565,sea,0
570458.017823,4636950.48233,2707.70930886,sea,0
560539.23338,4639863.08268,3002.60630471,sea,0
550620.611279,4642775.53265,2877.86286015,sea,0
540702.129871,4645687.8463,2753.28526161,sea,0
530783.767626,4648600.03762,2670.16539517,sea,0
520865.502693,4651512.120680001,2440.22489483,sea,0
510947.313634,4654424.10948,1649.43000992,sea,0
501029.17868599994,4657336.01804,2528.28831044,sea,0
491111.076284,4660247.86042,2765.22860878,sea,0
481192.984829,4663159.65063,3367.53175487,sea,0
471274.882547,4666071.40266,3556.49850543,sea,0
461356.747857,4668983.130580001,5946.48856191,sea,0
451438.55915,4671894.84839,5375.13297764,sea,0
441520.294784,4674806.57011,4960.39478037,sea,0
431601.933088,4677718.309780001,4598.13087837,sea,0
421683.452436,4680630.0814,4369.68068843,sea,0
411764.83109299996,4683541.899019999,4346.24393367,sea,0
401846.047519,4686453.77664,4376.10817556,sea,0
391927.080066,4689365.72832,4406.16003278,sea,0
382007.906978,4692277.76806,4242.73375499,sea,0
372088.506615,4695189.9099,4210.16988231,sea,0
362168.85737800004,4698102.167859999,4376.79027602,sea,0
352248.93755900004,4701014.5560099995,4506.67399408,sea,0
342328.725489,4703927.08835,4498.82209964,sea,0
332408.199538,4706839.778940001,4495.59548462,sea,0
322487.337963,4709752.64182,4512.16710284,sea,0
637065.9391930001,4606974.97293,132.190220541,sea,0
627145.4351649999,4609888.9428199995,138.2493016,sea,0
617225.238874,4612802.66805,137.330362185,sea,0
607305.328497,4615716.16268,145.984394471,sea,0
597385.682404,4618629.440769999,174.41316166099998,sea,0
587466.279092,4621542.51635,619.925696976,sea,0
577547.09681,4624455.40348,2194.76532185,sea,0
567628.113933,4627368.11619,2674.4420073,sea,0
557709.308884,4630280.66853,2966.82203893,sea,0
547790.65999,4633193.074519999,2933.34391222,sea,0
537872.145554,4636105.3482,2809.63546766,sea,0
527953.7440770001,4639017.5036,2696.97036143,sea,0
518035.43381400005,4641929.55475,2407.59623709,sea,0
508117.193143,4644841.51568,1608.35905127,sea,0
498199.000494,4647753.40039,2509.98547061,sea,0
488280.834124,4650665.22294,3030.44456396,sea,0
478362.67248599994,4653576.99734,2655.89889847,sea,0
468444.493863,4656488.73762,4390.5473172,sea,0
458526.276733,4659400.457780001,6174.81398667,sea,0
448607.99932799995,4662312.17186,5446.25843735,sea,0
438689.640075,4665223.89387,4989.74863202,sea,0
428771.177377,4668135.63785,4591.83025557,sea,0
418852.58946,4671047.417830001,4420.12137833,sea,0
408933.854746,4673959.2478,4333.7712092,sea,0
399014.951558,4676871.1418,4342.40337764,sea,0
389095.858261,4679783.11388,4282.44958609,sea,0
379176.553271,4682695.17805,4121.27668249,sea,0
369257.01474699995,4685607.34833,3993.28310303,sea,0
359337.221193,4688519.63877,4246.55415734,sea,0
349417.15093400003,4691432.0634,4489.59257997,sea,0
339496.782187,4694344.63626,4510.14862735,sea,0
329576.093289,4697257.37138,4543.88025498,sea,0
319655.062692,4700170.28281,4534.01829094,sea,0
634236.122292,4597393.1029199995,145.066471701,sea,0
624315.6371350001,4600306.99053,149.816829057,sea,0
614395.453447,4603220.637519999,159.961727516,sea,0
604475.5495409999,4606134.05796,182.60625608200002,sea,0
594555.903788,4609047.265869999,494.64242561699996,sea,0
584636.494538,4611960.275330001,774.613509793,sea,0
574717.300194,4614873.10036,2311.89463682,sea,0
564798.298994,4617785.75502,2777.88636561,sea,0
554879.46945,4620698.25332,2981.52351127,sea,0
544960.789908,4623610.60932,3035.85812929,sea,0
535042.238622,4626522.83703,2855.37526552,sea,0
525123.794045,4629434.95051,2725.82956236,sea,0
515205.43454,4632346.96375,2444.56240171,sea,0
505287.13844899996,4635258.890790001,1587.62052054,sea,0
495368.884168,4638170.74566,2762.22856373,sea,0
485450.64999899996,4641082.54238,2716.81257323,sea,0
475532.414373,4643994.294980001,2996.92479604,sea,0
465614.155626,4646906.017469999,4318.456751199999,sea,0
455695.8520729999,4649817.72387,6204.50564054,sea,0
445777.482157,4652729.42822,5591.77610138,sea,0
435859.024224,4655641.14453,4951.08451538,sea,0
425940.456527,4658552.88682,4648.04714551,sea,0
416021.757515,4661464.66912,4171.06319719,sea,0
406102.905545,4664376.50546,4170.11512845,sea,0
396183.878948,4667288.40984,4206.41485196,sea,0
386264.656031,4670200.396319999,4144.56409469,sea,0
376345.215153,4673112.47891,4352.30747095,sea,0
366425.534721,4676024.67164,4524.47350915,sea,0
356505.592969,4678936.988530001,4401.22093638,sea,0
346585.368327,4681849.44365,4354.42178598,sea,0
336664.838975,4684762.05102,4504.46088655,sea,0
326743.983438,4687674.824680001,4572.36920257,sea,0
316822.77991599997,4690587.77868,4512.79608232,sea,0
631406.4274520001,4587811.276959999,218.54086401599997,sea,0
621485.957331,4590725.076219999,243.035433234,sea,0
611565.782447,4593638.63891,332.263600595,sea,0
601645.881108,4596551.97908,661.3322997409999,sea,0
591726.231753,4599465.110780001,823.0236116660001,sea,0
581806.812732,4602378.04804,1203.01572046,sea,0
571887.602379,4605290.804930001,2334.00635805,sea,0
561968.579088,4608203.39546,2879.80526722,sea,0
552049.721164,4611115.8337,3060.95918772,sea,0
542131.006972,4614028.13363,3183.98462012,sea,0
532212.4150060001,4616940.30932,2869.52840762,sea,0
522293.92352799996,4619852.3748,2647.63731925,sea,0
512375.51085699996,4622764.34408,2422.89925056,sea,0
502457.155443,4625676.23119,1857.38957555,sea,0
492538.83565,4628588.05015,2765.7043527,sea,0
482620.52989899996,4631499.81499,2558.59891663,sea,0
472702.21637200005,4634411.53972,3197.22561452,sea,0
462783.873607,4637323.23838,4556.48113733,sea,0
452865.479829,4640234.92497,6202.00176507,sea,0
442947.01346800005,4643146.61354,5464.16413373,sea,0
433028.45293699997,4646058.31807,4925.50557874,sea,0
423109.776486,4648970.052630001,4495.66596422,sea,0
413190.962566,4651881.8312099995,4109.15829192,sea,0
403271.989389,4654793.66784,4125.52751532,sea,0
393352.835446,4657705.57656,4025.72245659,sea,0
383433.479057,4660617.57137,3861.97594856,sea,0
373513.898525,4663529.66633,4080.09043668,sea,0
363594.072207,4666441.875440001,4389.1449773,sea,0
353673.97836199997,4669354.21276,4404.1877265,sea,0
343753.595452,4672266.69231,3977.5166197,sea,0
333832.901768,4675179.32814,4205.71693342,sea,0
323911.875576,4678092.13428,4477.24283967,sea,0
313990.49526999996,4681005.12477,4483.14266613,sea,0
628576.860262,4578229.49037,364.43212518,sea,0
618656.401307,4581143.19529,412.15664958900004,sea,0
608736.2313229999,4584056.66768,469.552117856,sea,0
598816.328826,4586969.92158,755.244326511,sea,0
588896.671955,4589882.97105,1109.76570029,sea,0
578977.239279,4592795.830130001,1400.53137328,sea,0
569058.0091350001,4595708.51285,2486.09721646,sea,0
559138.959779,4598621.03328,2934.27868882,sea,0
549220.0696,4601533.40542,3126.68565568,sea,0
539301.3170510001,4604445.6433,3205.16560203,sea,0
529382.680429,4607357.760980001,2943.10469257,sea,0
519464.13816800003,4610269.77246,2598.06333358,sea,0
509545.668541,4613181.691769999,2292.55482277,sea,0
499627.25003500003,4616093.532930001,1750.23233837,sea,0
489708.860903,4619005.30999,2081.04121261,sea,0
479790.47953599994,4621917.03694,2532.362192,sea,0
469872.08431199996,4624828.72782,3343.02728981,sea,0
459953.65367299994,4627740.39664,4497.32059406,sea,0
450035.16582600004,4630652.05743,6232.00931428,sea,0
440116.599262,4633563.72419,5345.35307095,sea,0
430197.93223999994,4636475.41097,4934.0464734,sea,0
420279.14314899995,4639387.13178,4467.13193448,sea,0
410360.21037,4642298.90065,4077.55107276,sea,0
400441.11226799997,4645210.73158,4070.82714279,sea,0
390521.827117,4648122.638619999,3921.8348583000006,sea,0
380602.333402,4651034.63578,3778.74008574,sea,0
370682.609296,4653946.7371,3918.40886216,sea,0
360762.633249,4656858.95661,4251.53377185,sea,0
350842.38354899996,4659771.30834,4499.10190138,sea,0
340921.83853899996,4662683.80633,4276.3233459,sea,0
331000.976546,4665596.46462,4039.76516477,sea,0
321079.77595,4668509.297230001,3824.09419799,sea,0
311158.21496300003,4671422.31824,4168.14829715,sea,0
625747.426863,4568647.74016,466.42292224,sea,0
615826.975099,4571561.34467,547.511657838,sea,0
605906.806217,4574474.7207,844.544010045,sea,0
595986.8985,4577387.88229,1001.38919106,sea,0
586067.230372,4580300.84348,1242.24701279,sea,0
576147.78018,4583213.61833,1827.7339374,sea,0
566228.526261,4586126.22086,2870.45638641,sea,0
556309.447023,4589038.6651099995,3015.52537966,sea,0
546390.520793,4591950.96512,3261.17236349,sea,0
536471.725965,4594863.1349,3211.69139575,sea,0
526553.04093,4597775.1885,3000.28867397,sea,0
516634.443996,4600687.13994,2519.23083676,sea,0
506715.91354,4603599.00323,2286.01688297,sea,0
496797.42793400004,4606510.79243,1567.76536602,sea,0
486878.965616,4609422.521509999,1557.81304965,sea,0
476960.504871,4612334.20454,2539.46202154,sea,0
467042.024124,4615245.8555,3233.47625188,sea,0
457123.50164499995,4618157.48844,4598.06353325,sea,0
447204.915847,4621069.11736,6166.21580889,sea,0
437286.24513100006,4623980.75631,5161.4930476,sea,0
427367.46781999996,4626892.41928,4996.07885597,sea,0
417448.562226,4629804.1203,4133.08686214,sea,0
407529.506802,4632715.87339,3525.48363734,sea,0
397610.279842,4635627.6925800005,3888.04719472,sea,0
387690.859705,4638539.59189,3862.55673132,sea,0
377771.224665,4641451.58536,3924.69775102,sea,0
367851.353207,4644363.687,3946.25279984,sea,0
357931.22350799997,4647275.91085,4285.81009592,sea,0
348010.814029,4650188.27095,4573.79103043,sea,0
338090.103071,4653100.78132,4458.45107244,sea,0
328169.06899400003,4656013.45603,3262.54627982,sea,0
318247.689994,4658926.30908,2332.40889261,sea,0
308325.94455,4661839.35455,2626.09071045,sea,0
622918.132935,4559066.02231,576.686652515,sea,0
612997.684581,4561979.52039,598.741255323,sea,0
603077.5128970001,4564892.79403,832.86570643,sea,0
593157.596226,4567805.85727,1086.12005199,sea,0
583237.912838,4570718.72415,1796.5715732,sea,0
573318.441292,4573631.40872,2640.67943708,sea,0
563399.159781,4576543.925,2908.89621729,sea,0
553480.046788,4579456.28706,3139.23697456,sea,0
543561.080575,4582368.50889,3317.97674014,sea,0
533642.239626,4585280.60454,3237.14177591,sea,0
523723.502198,4588192.58804,3162.9900959,sea,0
513804.846772,4591104.47339,2679.46506907,sea,0
503886.251678,4594016.27464,2368.70588656,sea,0
493967.69517200004,4596928.00581,1561.50214224,sea,0
484049.155802,4599839.68091,869.5739441669999,sea,0
474130.611745,4602751.31396,2143.91478463,sea,0
464212.041546,4605662.91899,3365.03558761,sea,0
454293.423451,4608574.510009999,4491.83900298,sea,0
444374.73585299996,4611486.10104,5815.50989897,sea,0
434455.957139,4614397.70611,5074.65728599,sea,0
424537.065695,4617309.339240001,4941.35110413,sea,0
414618.03975399997,4620221.01443,3706.35874645,sea,0
404698.857766,4623132.745730001,3097.8576096,sea,0
394779.498104,4626044.54714,3492.12221183,sea,0
384859.938984,4628956.4327,4035.35042321,sea,0
374940.15891500004,4631868.41644,3939.41158899,sea,0
365020.136177,4634780.51237,3797.39894414,sea,0
355099.849042,4637692.73453,4179.00436834,sea,0
345179.275923,4640605.09696,4499.43466157,sea,0
335258.395148,4643517.61369,4414.71303751,sea,0
325337.185038,4646430.298769999,2880.77929363,sea,0
315415.623904,4649343.16622,1926.24576881,sea,0
305493.690043,4652256.23011,2329.67807655,sea,0
620088.9840899999,4549484.3323099995,642.497021579,sea,0
610168.535263,4552397.71797,690.46468427,sea,0
600248.356916,4555310.883230001,1245.06176446,sea,0
590328.427378,4558223.842130001,1571.95892883,sea,0
580408.725052,4561136.60871,2570.38728207,sea,0
570489.228197,4564049.19701,2700.96537278,sea,0
560569.915298,4566961.62108,2976.3994749000003,sea,0
550650.764694,4569873.89493,3210.31142594,sea,0
540731.754654,4572786.03261,3348.50538584,sea,0
530812.863746,4575698.048140001,3287.51833589,sea,0
520894.07017200004,4578609.95553,3179.8191249,sea,0
510975.35236,4581521.76883,2921.72551022,sea,0
501056.688664,4584433.50205,2498.73830388,sea,0
491138.057444,4587345.16921,1795.79285405,sea,0
481219.437137,4590256.78433,437.78753068599997,sea,0
471300.806033,4593168.36142,1915.91640076,sea,0
461382.14249899995,4596079.914530001,3279.1224515,sea,0
451463.424905,4598991.45764,4434.77719084,sea,0
441544.631695,4601903.00481,5861.89060886,sea,0
431625.74116800004,4604814.57001,5101.21420939,sea,0
421706.731625,4607726.1673,4808.39919863,sea,0
411787.581512,4610637.81069,4141.29150979,sea,0
401868.269131,4613549.5142,3318.32856495,sea,0
391948.77285500005,4616461.29185,4322.61754232,sea,0
382029.071058,4619373.15766,4137.67211885,sea,0
372109.14203600003,4622285.1256800005,3728.03251496,sea,0
362188.964159,4625197.20991,3017.04420958,sea,0
352268.51571999997,4628109.4244,3457.83169592,sea,0
342347.77515500004,4631021.78318,3805.33249357,sea,0
332426.720676,4633934.30028,4420.64181693,sea,0
322505.33071,4636846.98975,3739.06003287,sea,0
312583.583532,4639759.865619999,2417.02925504,sea,0
302661.457482,4642672.94195,3748.28411562,sea,0
617259.986426,4539902.6673,666.290334945,sea,0
607339.533289,4542815.93449,744.818046707,sea,0
597419.344387,4545728.98532,1422.93509223,sea,0
587499.398175,4548641.83384,1987.4417438,sea,0
577579.672898,4551554.494080001,2741.3329028000003,sea,0
567660.146953,4554466.98007,2903.5807817,sea,0
557740.798746,4557379.30588,3130.69494525,sea,0
547821.606619,4560291.48549,3300.79319657,sea,0
537902.5489930001,4563203.532980001,3500.88531841,sea,0
527983.604151,4566115.4623300005,3293.427121,sea,0
518064.750532,4569027.28758,3197.47554328,sea,0
508145.966508,4571939.02278,3078.72570428,sea,0
498227.23038599995,4574850.681919999,2625.18185979,sea,0
488308.52062799997,4577762.27903,2233.27058091,sea,0
478389.815483,4580673.82812,774.2186258710001,sea,0
468471.09342700004,4583585.34322,1936.66785666,sea,0
458552.332797,4586496.83835,3069.63382909,sea,0
448633.511862,4589408.32752,4229.96957125,sea,0
438714.609118,4592319.82476,5940.74718426,sea,0
428795.602923,4595231.34407,5154.47205859,sea,0
418876.47148899996,4598142.89949,4799.48924428,sea,0
408957.193331,4601054.50502,4421.76967974,sea,0
399037.746672,4603966.1747,4315.81658337,sea,0
389118.10996100004,4606877.92255,4263.61433539,sea,0
379198.26157800003,4609789.76258,4042.30757983,sea,0
369278.179757,4612701.70883,3617.54179869,sea,0
359357.842881,4615613.775330001,3350.30899749,sea,0
349437.22926399997,4618525.9761,3759.83412832,sea,0
339516.317367,4621438.325180001,4267.06691272,sea,0
329595.085354,4624350.83661,4331.78557741,sea,0
319673.511689,4627263.52442,3197.79806721,sea,0
309751.57460700005,4630176.40267,1960.70759889,sea,0
299829.252419,4633089.4854,4030.98941679,sea,0
614431.145898,4530321.02379,592.433394369,sea,0
604510.684592,4533234.16644,672.093160517,sea,0
594590.481285,4536147.09679,1444.56975113,sea,0
584670.5144140001,4539059.82886,2055.05561188,sea,0
574750.762353,4541972.3767,2473.33435625,sea,0
564831.203492,4544884.75433,2967.53950156,sea,0
554911.816156,4547796.9758,3236.61327013,sea,0
544992.578686,4550709.05511,3387.30016159,sea,0
535073.469508,4553621.00634,3514.94330026,sea,0
525154.466915,4556532.84346,3334.39528944,sea,0
515235.549429,4559444.580519999,3223.11146112,sea,0
505316.695297,4562356.23154,3272.8569948000004,sea,0
495397.88292,4565267.81054,2986.22709106,sea,0
485479.09064300003,4568179.33154,2533.25877492,sea,0
475560.296891,4571090.808540001,1971.16334649,sea,0
465641.479959,4574002.25559,1569.63053815,sea,0
455722.61829799996,4576913.68669,1609.24895923,sea,0
445803.69022399996,4579825.11585,3849.4315397,sea,0
435884.674064,4582736.5571099995,5231.62212513,sea,0
425965.54823,4585648.02446,5116.51205817,sea,0
416046.291144,4588559.53194,4627.1405454999995,sea,0
406126.881016,4591471.09357,4335.3510397,sea,0
396207.296287,4594382.72335,4046.39258796,sea,0
386287.51526,4597294.435319999,3991.70215108,sea,0
376367.516318,4600206.2435099995,3808.14219941,sea,0
366447.277854,4603118.16193,3927.03201339,sea,0
356526.77812,4606030.2046300005,4108.88856276,sea,0
346605.995519,4608942.38562,3905.96710528,sea,0
336684.90839,4611854.71894,4410.59985846,sea,0
326763.495001,4614767.21863,4521.48674516,sea,0
316841.73369699996,4617679.8987300005,3245.51221486,sea,0
306919.602901,4620592.77329,2814.19753498,sea,0
296997.08074299997,4623505.85636,4044.45504256,sea,0
611602.4681729999,4520739.39727,586.9541401280001,sea,0
601681.994745,4523652.40938,643.253727778,sea,0
591761.773234,4526565.21323,860.0738393060001,sea,0
581841.781907,4529477.822819999,1586.45910008,sea,0
571921.99927,4532390.25225,1659.00726587,sea,0
562002.403553,4535302.51549,2992.10231856,sea,0
552082.973148,4538214.62661,3247.27659856,sea,0
542163.686466,4541126.5996199995,3429.86413485,sea,0
532244.521936,4544038.44855,3495.31414527,sea,0
522325.457784,4546950.1874400005,3427.68459631,sea,0
512406.47247200005,4549861.83028,3340.99965793,sea,0
502487.544409,4552773.39112,3355.90499147,sea,0
492568.651872,4555684.88397,3119.3283309999997,sea,0
482649.773304,4558596.32283,2804.31995598,sea,0
472730.887089,4561507.72174,2390.12556265,sea,0
462811.97148400004,4564419.09471,1486.90110413,sea,0
452893.004908,4567330.45576,1574.73903531,sea,0
442973.96579399996,4570241.8189,3698.52777204,sea,0
433054.832447,4573153.19816,5482.82035848,sea,0
423135.583186,4576064.60754,5269.53056445,sea,0
413216.196419,4578976.06107,4679.99197893,sea,0
403296.65056700003,4581887.57276,4463.2974291,sea,0
393376.923847,4584799.15664,4215.22165916,sea,0
383456.99470700003,4587710.82673,4010.33631058,sea,0
373536.841463,4590622.59706,3646.08080343,sea,0
363616.442443,4593534.48164,3982.97541963,sea,0
353695.775985,4596446.49451,4311.16209866,sea,0
343774.82051399996,4599358.64971,4135.28113916,sea,0
333853.554315,4602270.96126,4482.51103558,sea,0
323931.955685,4605183.44321,4465.15272487,sea,0
314010.002928,4608096.109569999,3753.88707718,sea,0
304087.674431,4611008.97442,3617.88238084,sea,0
294164.948512,4613922.0518,4233.41724949,sea,0
608773.9590350001,4511157.784,549.734025861,sea,0
598853.469661,4514070.65955,579.504717216,sea,0
588933.226047,4516983.33087,626.921519494,sea,0
579013.206441,4519895.8120099995,1277.65346659,sea,0
569093.389253,4522808.11697,1518.83184287,sea,0
559173.7528479999,4525720.25983,2570.68214982,sea,0
549254.275608,4528632.25458,3219.51653939,sea,0
539334.935868,4531544.115259999,3390.73498533,sea,0
529415.712056,4534455.8559,3560.02229987,sea,0
519496.582551,4537367.4905199995,3483.16243107,sea,0
509577.525608,4540279.03314,3398.85556028,sea,0
499658.519721,4543190.497769999,3439.12443342,sea,0
489739.54318900005,4546101.898440001,3223.00574479,sea,0
479820.574478,4549013.24916,2747.03188566,sea,0
469901.59185900004,4551924.56396,2398.80685087,sea,0
459982.573767,4554835.8568400005,1104.26899144,sea,0
450063.49843999994,4557747.14183,1143.76135666,sea,0
440144.34443100006,4560658.43293,3678.65036599,sea,0
430225.089946,4563569.74416,5280.05499768,sea,0
420305.713431,4566481.08955,5136.22865167,sea,0
410386.19327800005,4569392.4831,4697.77690445,sea,0
400466.507753,4572303.93885,4331.26915272,sea,0
390546.635212,4575215.47081,4119.48311153,sea,0
380626.554032,4578127.09301,3922.9237802000002,sea,0
370706.24260399997,4581038.81944,4232.83275718,sea,0
360785.679264,4583950.66418,3719.45888565,sea,0
350864.842292,4586862.64122,4335.29843792,sea,0
340943.710057,4589774.76459,4127.25612598,sea,0
331022.260939,4592687.04835,3731.69780569,sea,0
321100.47319,4595599.50653,4177.84605464,sea,0
311178.325145,4598512.15315,4248.03873721,sea,0
301255.795154,4601425.002280001,4509.3956579999995,sea,0
291332.861577,4604338.06795,4485.72549054,sea,0
605945.624228,4501576.1801,304.577432357,sea,0
596025.115137,4504488.91308,356.844046901,sea,0
586104.845575,4507401.44587,398.52425771800006,sea,0
576184.793762,4510313.79251,1042.35847116,sea,0
566264.938237,4513225.9670400005,1502.85037728,sea,0
556345.257346,4516137.98348,1794.99807514,sea,0
546425.729317,4519049.85586,3045.71595028,sea,0
536506.332697,4521961.5982,3345.42809707,sea,0
526587.045769,4524873.22454,3502.75102406,sea,0
516667.84698599996,4527784.74888,3499.79913817,sea,0
506748.71461400006,4530696.18526,3449.9012066,sea,0
496829.627087,4533607.54768,3457.11940741,sea,0
486910.56272399996,4536518.8501699995,3501.90435672,sea,0
476991.499942,4539430.10675,2636.2663675999997,sea,0
467072.417183,4542341.33141,2322.40697913,sea,0
457153.292626,4545252.53819,705.185022353,sea,0
447234.104767,4548163.741090001,1628.98994185,sea,0
437314.83198,4551074.95416,2794.56920977,sea,0
427395.45259299997,4553986.19137,5274.69176685,sea,0
417475.945031,4556897.46675,5430.35189396,sea,0
407556.287525,4559808.79433,4620.03816004,sea,0
397636.458476,4562720.18812,4207.02740776,sea,0
387716.436307,4565631.66215,4177.42335543,sea,0
377796.19931999996,4568543.23043,4240.28148915,sea,0
367875.725835,4571454.90698,4151.0295612,sea,0
357954.994272,4574366.70583,4075.31665551,sea,0
348033.98284899996,4577278.64102,3926.40957146,sea,0
338112.670023,4580190.7265800005,3732.26680628,sea,0
328191.034127,4583102.97654,3542.55087828,sea,0
318269.05343699997,4586015.40493,4053.17015483,sea,0
308346.706249,4588928.0258,4003.13103436,sea,0
298423.970945,4591840.85319,4471.53025255,sea,0
288500.825855,4594753.90115,4358.66959423,sea,0
603117.4698300001,4491994.58225,198.294536473,sea,0
593196.937092,4494907.166619999,211.38508533200002,sea,0
583276.637641,4497819.55485,305.944666013,sea,0
573356.549817,4500731.760969999,887.912116111,sea,0
563436.652134,4503643.79901,1527.0775369,sea,0
553516.922778,4506555.683,1780.12141364,sea,0
543597.340255,4509467.426969999,2946.52626323,sea,0
533677.882815,4512379.04494,3303.06933332,sea,0
523758.528953,4515290.55094,3500.47221951,sea,0
513839.25698400004,4518201.95897,3503.41732642,sea,0
503920.045324,4521113.28307,3483.82262578,sea,0
494000.872275,4524024.53725,3463.66002753,sea,0
484081.71624499996,4526935.73552,3394.87828658,sea,0
474162.55560100003,4529846.89191,3055.19583236,sea,0
464243.36873999995,4532758.020409999,1989.88389059,sea,0
454324.133945,4535669.13506,831.316446506,sea,0
444404.82974799996,4538580.24985,1310.21939156,sea,0
434485.434348,4541491.378819999,2054.07398456,sea,0
424565.926119,4544402.53596,5099.6581103,sea,0
414646.283537,4547313.735309999,5350.71760111,sea,0
404726.48489,4550224.99087,4541.93153912,sea,0
394806.508566,4553136.31667,4362.57628968,sea,0
384886.33283699997,4556047.72672,3914.23598877,sea,0
374965.936145,4558959.23505,4351.69781314,sea,0
365045.296745,4561870.85568,3645.68749444,sea,0
355124.393133,4564782.602630001,4462.23001403,sea,0
345203.203467,4567694.48994,4118.76843142,sea,0
335281.706223,4570606.53163,3581.62428383,sea,0
325359.87968,4573518.74175,3640.28873254,sea,0
315437.702142,4576431.134319999,4036.16955719,sea,0
305515.152007,4579343.72339,3839.76661919,sea,0
295592.207476,4582256.523,4215.56705221,sea,0
285668.84699,4585169.5472099995,4397.41954511,sea,0
600289.501593,4482412.986719999,199.858354577,sea,0
590368.941336,4485325.41644,180.15643531,sea,0
580448.608183,4488237.654069999,313.90773585700003,sea,0
570528.480589,4491149.71362,791.5273896680001,sea,0
560608.536756,4494061.60914,2074.34252291,sea,0
550688.7551399999,4496973.3546400005,2922.60831745,sea,0
540769.114161,4499884.96417,3117.97578912,sea,0
530849.592132,4502796.451719999,3279.23513265,sea,0
520930.16747299995,4505707.83134,3495.6226352,sea,0
511010.818499,4508619.11703,3544.42191671,sea,0
501091.523631,4511530.32281,3537.08330958,sea,0
491172.261256,4514441.4627,3500.06701961,sea,0
481253.009653,4517352.55072,3420.52797689,sea,0
471333.747354,4520263.600869999,2959.40246581,sea,0
461414.45256400004,4523174.627169999,2208.87629718,sea,0
451495.10367,4526085.64364,1080.6592353,sea,0
441575.679167,4528996.66429,731.4072628069999,sea,0
431656.157295,4531907.70312,2151.05563085,sea,0
421736.516472,4534818.77417,4530.59099037,sea,0
411816.73508,4537729.89143,5389.33637284,sea,0
401896.79139,4540641.068940001,4267.89331988,sea,0
391976.663849,4543552.3207,4195.323252699999,sea,0
382056.330721,4546463.66074,4132.85743519,sea,0
372135.77051999996,4549375.103080001,4512.34634326,sea,0
362214.96135500004,4552286.661730001,3702.32255336,sea,0
352293.881803,4555198.350740001,3839.28450712,sea,0
342372.51003299997,4558110.18413,4319.6090467,sea,0
332450.824464,4561022.17591,3979.99042018,sea,0
322528.80347,4563934.34014,4087.07417761,sea,0
312606.425234,4566846.69084,4420.23162974,sea,0
302683.668258,4569759.24208,4151.10232588,sea,0
292760.510706,4572672.00788,4228.00903016,sea,0
282836.930985,4575585.0023,4275.74124511,sea,0
597461.725312,4472831.38956,200.230728833,sea,0
587541.133726,4475743.65861,204.05140675400003,sea,0
577620.763042,4478655.7396,369.062451034,sea,0
567700.59161,4481567.64657,1392.12159016,sea,0
557780.597897,4484479.39353,2884.26508192,sea,0
547860.760194,4487390.99454,3131.07528042,sea,0
537941.0569770001,4490302.46357,3213.41162094,sea,0
528021.466476,4493213.8147,3265.71960224,sea,0
518101.96710699995,4496125.06191,3458.29322677,sea,0
508182.53732700006,4499036.219219999,3566.67068958,sea,0
498263.15541899996,4501947.30066,3578.65349796,sea,0
488343.799778,4504858.320230001,3509.22903946,sea,0
478424.44884300005,4507769.29197,3451.97433615,sea,0
468505.08087600005,4510680.22985,3239.72694705,sea,0
458585.67432399996,4513591.14793,2411.02983134,sea,0
448666.207531,4516502.060190001,919.7896091739999,sea,0
438746.65888,4519412.98065,360.393108785,sea,0
428827.006724,4522323.92334,2232.01468804,sea,0
418907.229382,4525234.90226,4542.54766831,sea,0
408987.305283,4528145.93141,5011.21793685,sea,0
399067.212825,4531057.02484,4769.70779849,sea,0
389146.930225,4533968.19654,4373.0979405,sea,0
379226.43588400004,4536879.46054,4367.52286031,sea,0
369305.708239,4539790.83085,4080.72924697,sea,0
359384.725545,4542702.32151,3865.41437917,sea,0
349463.46616799996,4545613.94654,3788.03961882,sea,0
339541.908433,4548525.719959999,4079.68405267,sea,0
329620.030702,4551437.655809999,4048.91509324,sea,0
319697.81136999995,4554349.76812,4276.42455423,sea,0
309775.22864499997,4557262.07094,4541.18877642,sea,0
299852.260914,4560174.57831,4048.84480829,sea,0
289928.886448,4563087.30424,4438.86031968,sea,0
280005.083622,4566000.26283,4220.38180127,sea,0
594634.146912,4463249.78721,198.788172001,sea,0
584713.520107,4466161.88955,225.38084717799998,sea,0
574793.108046,4469073.80787,544.667640752,sea,0
564872.889051,4471985.55621,1485.47898046,sea,0
554952.841558,4474897.148580001,3032.96520319,sea,0
545032.94391,4477808.59903,3101.70813734,sea,0
535113.174492,4480719.92156,3187.64612389,sea,0
525193.511668,4483631.1302,3262.97571629,sea,0
515273.93377299997,4486542.23895,3491.29353592,sea,0
505354.419336,4489453.26186,3583.2396475999994,sea,0
495434.94649700006,4492364.21291,3567.89509884,sea,0
485515.49387799995,4495275.10614,3511.43925491,sea,0
475596.03964,4498185.95554,3483.58696883,sea,0
465676.562281,4501096.7751400005,3350.2640277,sea,0
455757.040126,4504007.57894,2796.05864852,sea,0
445837.451476,4506918.38095,1489.03102197,sea,0
435917.774892,4509829.1952,178.704679785,sea,0
425997.988547,4512740.03569,2081.12052926,sea,0
416078.07087600004,4515650.91642,4271.96500745,sea,0
406158.000213,4518561.851430001,4795.53866324,sea,0
396237.755008,4521472.854730001,4539.47396505,sea,0
386317.313537,4524383.94032,3982.64651501,sea,0
376396.654118,4527295.12224,4229.25775475,sea,0
366475.755185,4530206.41449,3982.84028962,sea,0
356554.595066,4533117.83111,4135.11890442,sea,0
346633.15205900004,4536029.38612,4184.13792262,sea,0
336711.404502,4538941.09354,4112.7937421,sea,0
326789.330769,4541852.96741,3973.4056967,sea,0
316866.909204,4544765.0217699995,4249.84780679,sea,0
306944.118114,4547677.27064,3941.72986265,sea,0
297020.93584,4550589.72809,3653.18089053,sea,0
287097.34061799996,4553502.40815,4004.64432387,sea,0
277173.31086100003,4556415.32486,4249.74731649,sea,0
591806.772075,4453668.17541,197.743473469,sea,0
581886.106225,4456580.10502,348.623906304,sea,0
571965.648862,4459491.854669999,983.777881498,sea,0
562045.378487,4462403.43838,2681.25048287,sea,0
552125.2733649999,4465314.87015,3043.26468907,sea,0
542205.3118850001,4468226.16404,3129.95562182,sea,0
532285.4724890001,4471137.33405,3202.16318339,sea,0
522365.733451,4474048.3942,3273.67691005,sea,0
512446.07324399997,4476959.35851,3486.03899433,sea,0
502526.47024700005,4479870.24098,3555.02785492,sea,0
492606.902749,4482781.05564,3547.16321474,sea,0
482687.34916000004,4485691.8165,3504.77139422,sea,0
472767.787799,4488602.53757,3443.47798408,sea,0
462848.197179,4491513.23286,3311.47065906,sea,0
452928.555576,4494423.91638,2906.02672108,sea,0
443008.84131800005,4497334.60214,1264.07562542,sea,0
433089.032854,4500245.30415,607.36042828,sea,0
423169.10853699996,4503156.03644,1862.37266505,sea,0
413249.046703,4506066.8129900005,3703.11514981,sea,0
403328.825657,4508977.64784,5259.165421899999,sea,0
393408.42390500003,4511888.555,4631.255671,sea,0
383487.819706,4514799.54848,4653.38685186,sea,0
373566.991369,4517710.64229,4199.48779211,sea,0
363645.91732199996,4520621.85047,4289.05289444,sea,0
353724.575894,4523533.187030001,3578.36609868,sea,0
343802.945388,4526444.666,4282.56624033,sea,0
333881.004223,4529356.30141,4237.87701808,sea,0
323958.730645,4532268.1073,4184.6931562,sea,0
314036.103016,4535180.097680001,4471.90914713,sea,0
304113.09974000003,4538092.28661,4135.03914136,sea,0
294189.698972,4541004.68812,3828.7273977,sea,0
284265.879197,4543917.316269999,3852.91754816,sea,0
274341.61865300004,4546830.1851,4180.13375656,sea,0
588979.606701,4444086.5507,200.639520455,sea,0
579058.897905,4446998.30157,605.43698468,sea,0
569138.391445,4449909.87651,879.31311023,sea,0
559218.065786,4452821.28954,2446.86737414,sea,0
549297.8991640001,4455732.55471,3112.63881605,sea,0
539377.8700850001,4458643.686000001,3163.64329033,sea,0
529457.956825,4461554.69747,3211.71779882,sea,0
519538.13778999995,4464465.6031,3319.37274684,sea,0
509618.391368,4467376.41692,3507.91309499,sea,0
499698.695934,4470287.15295,3579.00884448,sea,0
489779.029921,4473197.82519,3551.77396973,sea,0
479859.371529,4476108.44767,3499.43448083,sea,0
469939.699303,4479019.03438,3388.29335041,sea,0
460019.991555,4481929.599330001,3243.13634554,sea,0
450100.226584,4484840.15654,2972.18668908,sea,0
440180.382884,4487750.72002,1808.70777523,sea,0
430260.43879399996,4490661.303780001,882.568683841,sea,0
420340.37256,4493571.92182,1583.4549711,sea,0
410420.1627,4496482.58816,3859.46867066,sea,0
400499.787496,4499393.316819999,4736.1100209,sea,0
390579.225287,4502304.121809999,4795.47985613,sea,0
380658.454461,4505215.01714,5142.5623834,sea,0
370737.453391,4508126.01683,4074.41424226,sea,0
360816.200424,4511037.1349,3972.4665358,sea,0
350894.673818,4513948.38538,4271.28106865,sea,0
340972.85202399996,4516859.7822900005,4167.22651194,sea,0
331050.713326,4519771.33965,4541.83685764,sea,0
321128.236057,4522683.07152,4712.91643053,sea,0
311205.398598,4525594.9919,4757.30647195,sea,0
301282.17916,4528507.11484,4109.81359564,sea,0
291358.556217,4531419.454390001,3907.52085926,sea,0
281434.507928,4534332.0246,3965.8838346000002,sea,0
271510.01270900003,4537244.83951,4131.37129722,sea,0
