x y z horizonID
330616.236730 424183.853127 50.629911  0
320279.976356 423863.908332 67.613290  0
309944.256194 423543.781187 89.521931  0
299609.051338 423223.478349 113.051531  0
289274.336689 422903.006443 130.541018  0
278940.087408 422582.372127 124.247973  0
268606.278396 422261.582002 120.493410  0
258272.884656 421940.642687 109.471277  0
247939.881302 421619.560833 282.451697  0
237607.243267 421298.343023 390.519328  0
227274.945731 420976.995910 454.605945  0
216942.963548 420655.526040 416.879209  0
206611.271885 420333.940093 228.629508  0
196279.845673 420012.244599 259.467567  0
185948.660074 419690.446226 1021.780137  0
175617.690001 419368.551529 2046.389643  0
165286.910551 419046.567102 3256.765507  0
154956.296776 418724.499546 3389.545637  0
144625.823752 418402.355490 4692.011119  0
134295.466458 418080.141479 3618.991458  0
123965.199970 417757.864112 2659.684245  0
113634.999329 417435.529963 2331.107001  0
103304.839599 417113.145639 4070.129342  0
92974.695727 416790.717704 4055.614265  0
82644.542927 416468.252781 4175.084313  0
72314.356138 416145.757422 4263.872706  0
61984.110337 415823.238173 4437.324297  0
51653.780663 415500.701684 4474.735478  0
41323.342163 415178.154499 4490.461066  0
30992.769813 414855.603218 4500.118915  0
20662.038640 414533.054388 4506.253669  0
10331.123683 414210.514619 4528.820040  0
0.000019 413887.990497 4553.809207  0
330909.935322 414194.747556 60.218474  0
320573.761813 413874.897032 80.598540  0
310238.121474 413554.866070 118.455745  0
299902.989204 413234.661307 136.135082  0
289568.340023 412914.289363 201.629063  0
279234.148993 412593.756863 232.866121  0
268900.391043 412273.070452 207.763649  0
258567.041383 411952.236782 327.250463  0
248234.074813 411631.262403 458.592161  0
237901.466531 411310.153994 511.410164  0
227569.191490 410988.918123 533.130648  0
217237.224669 410667.561400 495.132590  0
206905.541235 410346.090472 201.376359  0
196574.116177 410024.511920 519.007075  0
186242.924517 409702.832334 448.919220  0
175911.941312 409381.058327 1603.422452  0
165581.141662 409059.196495 2935.723118  0
155250.500477 408737.253400 3574.423960  0
144919.992849 408415.235659 4403.868946  0
134589.593913 408093.149877 4783.182380  0
124259.278618 407771.002610 3346.679527  0
113929.022018 407448.800449 2554.242621  0
103598.799203 407126.550007 3215.891651  0
93268.585232 406804.257846 4190.429773  0
82938.355117 406481.930552 3805.471349  0
72608.083827 406159.574698 3908.835080  0
62277.746524 405837.196890 4404.866963  0
51947.318249 405514.803715 4412.112231  0
41616.773930 405192.401721 4465.299711  0
31286.088677 404869.997506 4490.677992  0
20955.237477 404547.597652 4498.167208  0
10624.195433 404225.208753 4514.197429  0
292.937524 403902.837386 4554.258695  0
320867.486359 403886.000659 97.475895  0
310531.923884 403566.058915 135.656943  0
300196.862392 403245.945257 147.772657  0
289862.276860 402925.666312 398.936495  0
279528.142302 402605.228733 450.215919  0
269194.433716 402284.639102 524.556693  0
258861.126194 401963.904095 672.167826  0
248528.194665 401643.030274 636.604907  0
238195.614234 401322.024287 564.054035  0
227863.359902 401000.892750 642.788566  0
217531.406791 400679.642276 526.553351  0
207199.729761 400358.279435 151.122881  0
196868.304017 400036.810855 239.892793  0
186537.104570 399715.243146 763.948308  0
176206.106409 399393.582886 1776.939585  0
165875.284555 399071.836666 3089.119306  0
155544.614150 398750.011107 3752.784428  0
145214.070228 398428.112781 4332.240970  0
134883.627785 398106.148270 4921.646756  0
124553.261929 397784.124194 4417.352936  0
114222.947584 397462.047101 3097.190213  0
103892.659942 397139.923616 3565.611099  0
93562.373938 396817.760280 4274.594609  0
83232.064686 396495.563704 3719.219869  0
72901.707266 396173.340487 3876.464709  0
62571.276577 395851.097157 3634.790943  0
52240.747772 395528.840339 4350.165065  0
41910.095895 395206.576620 4399.668357  0
31579.295950 394884.312574 4434.796289  0
21248.322906 394562.054753 4472.844655  0
10917.151910 394239.809800 4498.432983  0
585.757927 393917.584254 4550.918775  0
331497.161606 394216.899838 68.998396  0
321161.156501 393897.217064 128.120842  0
310825.670226 393577.357636 140.033370  0
300490.677676 393257.328167 454.623279  0
290156.154014 392937.135325 646.237148  0
279822.074077 392616.785694 645.757557  0
269488.413040 392296.285944 1118.557250  0
259155.145832 391975.642658 1242.930845  0
248822.247565 391654.862498 1078.369152  0
238489.693183 391333.952040 960.700638  0
228157.457819 391012.917911 807.533723  0
217825.516424 390691.766719 530.364858  0
207493.844073 390370.505064 149.929928  0
197162.415885 390049.139567 154.097219  0
186831.206718 389727.676797 329.846918  0
176500.191785 389406.123375 1901.570808  0
166169.346111 389084.485894 3238.114925  0
155838.644687 388762.770945 3846.701982  0
145508.062555 388440.985114 5052.103427  0
135177.574873 388119.135015 4900.983411  0
124847.156546 387797.227190 4588.103495  0
114516.782667 387475.268244 2783.126382  0
104186.428369 387153.264792 3207.912182  0
93856.068607 386831.223402 4595.428162  0
83525.678458 386509.150643 3965.883155  0
73195.232958 386187.053109 3803.525108  0
62864.707109 385864.937374 3769.013236  0
52534.076031 385542.810050 4422.566036  0
42203.314740 385220.677694 4392.230543  0
31872.398278 384898.546915 4399.980913  0
21541.301669 384576.424271 4443.376929  0
11209.999889 384254.316328 4501.192149  0
878.468023 383932.229719 4567.964282  0
331790.702719 384228.154154 86.191206  0
321454.779151 383908.544848 124.315934  0
311119.367181 383588.760770 165.442063  0
300784.441817 383268.808539 719.193766  0
290449.978097 382948.694823 869.379445  0
280115.951048 382628.426236 906.831186  0
269782.335742 382308.009406 932.726784  0
259449.107072 381987.450923 1073.180010  0
249116.240198 381666.757457 1413.372420  0
238783.710118 381345.935588 1139.356189  0
228451.491867 381024.991934 967.247598  0
218119.560453 380703.933111 612.002701  0
207787.890942 380382.765705 131.856337  0
197456.458441 380061.496343 270.069552  0
187125.237879 379740.131597 473.614069  0
176794.204388 379418.678084 1099.724467  0
166463.332988 379097.142403 2694.792908  0
156132.598684 378775.531129 4034.413808  0
145801.976672 378453.850880 4470.382879  0
135471.441820 378132.108214 4861.271064  0
125140.969274 377810.309723 4669.133973  0
114810.534133 377488.462043 3949.096311  0
104480.111270 377166.571674 2463.247057  0
94149.675950 376844.645297 3354.571877  0
83819.203058 376522.689425 4658.051964  0
73488.667729 376200.710688 3300.555306  0
63158.044939 375878.715628 3864.754906  0
52827.309765 375556.710845 3958.155238  0
42496.437255 375234.702937 4400.526591  0
32165.402508 374912.698499 4400.125974  0
21834.180361 374590.704062 4397.363683  0
11502.746067 374268.726270 4386.863552  0
1171.074548 373946.771682 4609.416878  0
332084.204736 374239.525610 91.193116  0
321748.360911 373919.982786 122.809787  0
311413.021433 373600.267077 513.067378  0
301078.161487 373280.385137 1065.297389  0
290743.755928 372960.343565 1029.441774  0
280409.779966 372640.149024 1131.028498  0
270076.208557 372319.808126 1154.263810  0
259743.016637 371999.327485 1228.376530  0
249410.179343 371678.713730 1635.328851  0
239077.671723 371357.973460 1364.419531  0
228745.468783 371037.113302 1106.032618  0
218413.545519 370716.139861 657.723263  0
208081.877056 370395.059729 195.686783  0
197750.438409 370073.879525 319.891293  0
187419.204663 369752.605830 628.240760  0
177088.150779 369431.245257 704.489325  0
166757.251863 369109.804402 1257.697170  0
156426.482998 368788.289845 3411.316751  0
146095.819155 368466.708181 4368.729565  0
135765.235435 368145.066017 4792.539607  0
125434.706853 367823.369897 4652.468497  0
115104.208526 367501.626466 4497.490245  0
104773.715488 367179.842286 4401.039699  0
94443.202667 366858.023907 4409.021260  0
84112.645329 366536.177999 4435.657874  0
73782.018287 366214.311053 3042.895043  0
63451.296761 365892.429705 4207.906870  0
53120.455715 365570.540534 3663.974299  0
42789.470246 365248.650127 4353.001129  0
32458.315271 364926.765028 4401.772379  0
22126.965967 364604.891879 4407.074323  0
11795.397270 364283.037232 4464.414014  0
1463.584227 363961.207686 3980.320139  0
332377.674657 364251.011048 88.909882  0
322041.908606 363931.527790 123.927927  0
311706.639930 363611.873581 188.465601  0
301371.843471 363292.054986 807.291283  0
291037.494403 362972.078708 1123.426997  0
280703.567606 362651.951302 1392.674796  0
270370.038292 362331.679462 1299.202621  0
260036.881298 362011.269740 1466.613575  0
249704.071869 361690.728832 1812.859000  0
239371.584878 361370.063289 1447.539191  0
229039.395392 361049.279727 1284.044460  0
218707.478535 360728.384772 372.383991  0
208375.809330 360407.385045 378.434093  0
198044.362792 360086.287125 399.553229  0
187713.113913 359765.097581 810.690002  0
177382.037882 359443.823070 499.387637  0
167051.109653 359122.470139 1433.994816  0
156720.304373 358801.045430 2902.286230  0
146389.596955 358479.555488 4315.818297  0
136058.962507 358158.006921 4820.432357  0
125728.376126 357836.406313 4647.872310  0
115397.812800 357514.760255 4535.096441  0
105067.247656 357193.075338 4448.389425  0
94736.655717 356871.358145 4404.523294  0
84406.011980 356549.615268 4406.060942  0
74075.291510 356227.853260 4042.304304  0
63744.469401 355906.078755 4347.208832  0
53413.520669 355584.298301 4211.757740  0
43082.420367 355262.518498 4374.707949  0
32751.143451 354940.745915 4386.127794  0
22419.665079 354618.987168 4387.180195  0
12087.960232 354297.248821 4403.568828  0
1756.003865 353975.537445 4454.299780  0
332671.118888 354262.609590 65.067410  0
322335.428962 353943.178979 125.887245  0
312000.229116 353623.579270 144.470780  0
301665.494435 353303.817104 799.783504  0
291331.199906 352983.899114 1083.115100  0
280997.320579 352663.831930 1235.044875  0
270663.831489 352343.622170 1429.115877  0
260330.707728 352023.276467 1502.180982  0
249997.924218 351702.801422 1548.715537  0
239665.456098 351382.203664 1803.543563  0
229333.278338 351061.489776 1567.902103  0
219001.366039 350740.666387 833.221333  0
208669.694218 350419.740075 307.694781  0
198338.237934 350098.717484 613.543115  0
188006.972250 349777.605188 570.537990  0
177675.872277 349456.409795 1346.127583  0
167344.912887 349135.137868 1836.548496  0
157014.069310 348813.796035 2672.290563  0
146683.316529 348492.390873 4621.394876  0
136352.629591 348170.928971 4928.006993  0
126021.983593 347849.416945 4656.307114  0
115691.353552 347527.861340 4562.153381  0
105360.714455 347206.268748 4450.414696  0
95030.041498 346884.645783 4441.660823  0
84699.309633 346562.999015 4397.866516  0
74368.493940 346241.335042 4397.549344  0
64037.569414 345919.660414 4347.894217  0
53706.511166 345597.981752 4352.650645  0
43375.294222 345276.305626 4350.159125  0
33043.893652 344954.638642 4351.362779  0
22712.284359 344632.987354 4374.394391  0
12380.441530 344311.358362 3147.030152  0
2048.340092 343989.758248 4410.762342  0
332964.544408 344274.320259 86.685357  0
322628.928681 343954.935257 73.843582  0
312293.795927 343635.383069 152.872016  0
301959.121181 343315.670320 360.849820  0
291624.879454 342995.803660 1049.896184  0
281291.045762 342675.789680 1227.639746  0
270957.595167 342355.635024 1385.979573  0
260624.502722 342035.346324 1624.054537  0
250291.743399 341714.930167 1733.085135  0
239959.292305 341394.393180 2219.492657  0
229627.124455 341073.741963 1837.079425  0
219295.214931 340752.983137 1623.423581  0
208963.538726 340432.123293 191.338725  0
198632.070891 340111.169043 508.534668  0
188300.786626 339790.126993 1087.642782  0
177969.660808 339469.003718 1093.281939  0
167638.668530 339147.805811 1600.745764  0
157307.784871 338826.539870 2799.989148  0
146976.984893 338505.212500 4445.024861  0
136646.243645 338183.830290 5118.595591  0
126315.536242 337862.399840 4688.211052  0
115984.837556 337540.927691 4449.963351  0
105654.122821 337219.420472 4501.562646  0
95323.367032 336897.884744 4452.725976  0
84992.545233 336576.327116 4409.779158  0
74661.632465 336254.754162 4384.076852  0
64330.603820 335933.172477 4377.942187  0
53999.434229 335611.588610 4348.875247  0
43668.098895 335290.009211 4350.235703  0
33336.572718 334968.440800 4350.135657  0
23004.830787 334646.890009 4370.554191  0
12672.848117 334325.363387 4349.011349  0
2340.599756 334003.867562 4348.421865  0
333257.957828 334286.139307 155.284849  0
322922.414567 333966.793054 150.133965  0
312587.347064 333647.281501 155.758008  0
302252.730447 333327.611305 725.748474  0
291918.539690 333007.789063 1032.072817  0
281584.749823 332687.821421 1243.792164  0
271251.335946 332367.715015 1562.892869  0
260918.273003 332047.476432 1767.031715  0
250585.536009 331727.112271 1994.256449  0
240253.100176 331406.629206 2213.936743  0
229920.940430 331086.033796 2106.627502  0
219589.031824 330765.332663 1940.170266  0
209257.349480 330444.532421 1334.203162  0
198925.868364 330123.639651 644.545055  0
188594.563585 329802.660953 1161.442187  0
178263.410156 329481.602935 1326.919808  0
167932.383171 329160.472179 1406.852779  0
157601.457623 328839.275289 2004.216810  0
147270.608737 328518.018868 5060.749360  0
136939.811338 328196.709474 5356.897404  0
126609.040628 327875.353716 4756.560228  0
116278.271636 327553.958186 4547.180066  0
105947.479394 327232.529446 4452.454744  0
95616.638980 326911.074117 4412.336476  0
85285.725471 326589.598785 4350.031149  0
74954.713790 326268.109978 4319.624203  0
64623.579124 325946.614350 4351.413340  0
54292.296512 325625.118478 4303.357706  0
43960.840836 325303.628884 4310.878338  0
33629.187323 324982.152217 4362.087420  0
23297.310958 324660.695076 4346.635865  0
12965.186659 324339.263975 4349.089522  0
2632.789600 324017.865576 4304.545763  0
333551.365908 324298.065982 150.002369  0
323215.893257 323978.751524 149.892776  0
312880.889257 323659.273688 159.334744  0
302546.328986 323339.639096 783.094256  0
292212.187363 323019.854356 1254.934977  0
281878.439523 322699.926116 1246.061973  0
271545.060449 322379.860988 1530.010224  0
261212.025198 322059.665573 1963.070937  0
250879.308808 321739.346518 2190.635013  0
240546.886405 321418.910419 2250.568411  0
230214.732945 321098.363886 2246.990034  0
219882.823465 320777.713504 1540.839139  0
209551.133135 320456.965922 2126.167914  0
199219.636909 320136.127699 1077.932911  0
188888.309800 319815.205434 1616.937414  0
178557.127042 319494.205764 1556.507288  0
168226.063494 319173.135228 1631.721477  0
157895.094374 318852.000469 2900.923826  0
147564.194605 318530.808037 5378.325526  0
137233.339319 318209.564546 5310.633349  0
126902.503573 317888.276578 4754.357027  0
116571.662410 317566.950731 4570.776235  0
106240.790878 317245.593562 4496.601728  0
95909.864071 316924.211706 4433.213510  0
85578.856945 316602.811701 4396.338384  0
75247.744660 316281.400172 4394.741268  0
64916.502150 315959.983670 4302.427381  0
54585.104558 315638.568805 4318.798279  0
44253.526944 315317.162170 4105.500768  0
33921.744206 314995.770314 4265.177300  0
23589.731528 314674.399882 4291.344870  0
13257.463869 314353.057412 4349.491821  0
2924.916312 314031.749514 4363.225659  0
333844.775319 314310.099303 150.017927  0
323509.371516 313990.809674 152.439816  0
313174.429148 313671.358535 159.802554  0
302839.923377 313351.752553 471.429507  0
292505.829144 313031.998345 984.026914  0
282172.121469 312712.102501 1246.726199  0
271838.775508 312392.071688 1915.980726  0
261505.766201 312071.912490 2232.606290  0
251173.068557 311751.631516 2499.657373  0
240840.657733 311431.235399 2366.616943  0
230508.508806 311110.730770 2441.025252  0
220176.596640 310790.124167 1200.782519  0
209844.896533 310469.422262 2135.693289  0
199513.383343 310148.631601 1893.389875  0
189182.032218 309827.758807 1968.694991  0
178850.818233 309506.810477 2095.504016  0
168519.716381 309185.793202 2319.681058  0
158188.701739 308864.713560 3389.690374  0
147857.749442 308543.578179 5493.101480  0
137526.834412 308222.393594 5289.273414  0
127195.931851 307901.166458 4807.854726  0
116865.016677 307579.903293 4565.853033  0
106534.064008 307258.610733 4498.965749  0
96203.048975 306937.295363 4298.860616  0
85871.946544 306615.963765 4401.476761  0
75540.731762 306294.622496 4383.886990  0
65209.379658 305973.278159 4247.382537  0
54877.865334 305651.937351 3746.553978  0
44546.163886 305330.606676 4060.895934  0
34214.250181 305009.292673 4303.607888  0
23882.099442 304688.001990 4304.950661  0
13549.686531 304366.741142 4375.227329  0
3216.986650 304045.516791 4400.274140  0
334138.192920 304322.236896 149.985165  0
323802.856140 304002.965122 150.057962  0
313467.973666 303683.533774 160.821384  0
303133.520545 303363.949441 169.087216  0
292799.471882 303044.218782 825.005298  0
282465.802640 302724.348410 1297.516941  0
272132.487861 302404.344935 2026.545920  0
261799.502659 302084.215006 2361.635974  0
251466.822010 301763.965192 2475.082643  0
241134.421031 301443.602144 2350.428130  0
230802.274707 301123.132420 2554.052050  0
220470.358152 300802.562684 1670.251151  0
210138.646432 300481.899507 2588.688194  0
199807.114526 300161.149479 2381.909715  0
189475.737495 299840.319192 2792.939694  0
179144.490473 299519.415273 2330.042033  0
168813.348523 299198.444306 1550.785913  0
158482.286635 298877.412880 3582.498360  0
148151.279877 298556.327571 5095.810236  0
137820.303388 298235.194997 5230.764092  0
127489.332089 297914.021705 4796.814591  0
117158.341194 297592.814328 4452.889403  0
106827.305691 297271.579455 4548.178925  0
96496.200585 296950.323620 4434.302035  0
86165.000931 296629.053444 4161.905744  0
75833.681868 296307.775527 4483.188308  0
65502.218458 295986.496470 4154.390270  0
55170.585623 295665.222790 4259.456254  0
44838.758411 295343.961107 4274.208542  0
34506.712025 295022.718041 4340.757240  0
24174.421364 294701.500151 4329.256776  0
13841.861472 294380.314036 4353.197664  0
3509.007390 294059.166282 4413.599346  0
334431.625390 294334.476794 139.704182  0
324096.353804 294015.215951 149.956709  0
313761.529367 293695.797399 153.364948  0
303427.127191 293376.227810 169.371048  0
293093.122188 293056.513771 200.553760  0
282759.489568 292736.661933 299.871802  0
272426.204250 292416.678885 1332.248767  0
262093.241375 292096.571288 2275.119350  0
251760.575884 291776.345697 2629.896787  0
241428.182932 291456.008756 2379.834134  0
231096.037461 291135.567050 2711.585951  0
220764.114642 290815.027220 2478.573382  0
210432.389510 290494.395838 2358.356666  0
200100.837025 290173.679497 3154.369395  0
189769.432376 289852.884822 3560.442746  0
179438.150541 289532.018376 2323.155755  0
169106.966635 289211.086804 1752.981524  0
158775.855733 288890.096649 3689.268264  0
148444.792740 288569.054497 4434.872586  0
138113.752948 288247.966983 5619.032397  0
127782.711207 287926.840653 4584.591836  0
117451.642740 287605.682132 4541.790436  0
107120.522480 287284.497982 4273.896959  0
96789.325512 286963.294782 4549.691016  0
86458.026996 286642.079146 4304.925859  0
76126.601864 286320.857659 4492.572424  0
65795.025141 285999.636868 4433.188037  0
55463.271986 285678.423410 4211.352060  0
45131.317420 285357.223854 4445.800702  0
34799.136383 285036.044775 4451.174192  0
24466.703970 284714.892765 4410.260397  0
14133.995267 284393.774437 4390.113039  0
3800.985289 284072.696380 4248.948929  0
334725.079501 284346.817016 143.127051  0
324389.871303 284027.560179 147.194733  0
314055.103102 283708.147539 156.408370  0
303720.749958 283388.585733 168.920816  0
293386.787010 283068.881420 190.537599  0
283053.189121 282749.041182 191.477264  0
272719.931464 282429.071638 1070.836959  0
262386.989059 282108.979419 2248.418502  0
252054.336937 281788.771152 2555.350079  0
241721.950165 281468.453388 2507.682249  0
231389.803783 281148.032787 2803.515993  0
221057.872936 280827.515961 2668.771773  0
210726.132560 280506.909460 2751.856425  0
200394.557744 280186.219897 2786.359321  0
190063.123649 279865.453909 3648.567776  0
179731.805169 279544.618034 2494.636437  0
169400.577565 279223.718919 2410.776774  0
159069.415740 278902.763118 3182.423156  0
148738.294828 278581.757235 4631.398475  0
138407.189818 278260.707861 5530.480659  0
128076.075870 277939.621581 4374.863361  0
117744.927991 277618.504979 4154.266864  0
107413.721194 277297.364643 4492.532317  0
97082.430650 276976.207192 4581.080139  0
86751.031324 276655.039166 4576.914980  0
76419.498324 276333.867174 4605.503711  0
66087.806611 276012.697807 4488.994724  0
55755.931315 275691.537640 4402.842774  0
45423.847483 275370.393281 4490.912506  0
35091.530025 275049.271273 4503.872747  0
24758.954215 274728.178291 4453.304622  0
14426.094832 274407.120814 4497.076368  0
4092.927066 274086.105540 4175.716777  0
335018.561899 274359.255320 145.596946  0
324683.415296 274039.995576 144.329321  0
314348.701549 273720.581952 151.593256  0
304014.395736 273401.021068 164.775004  0
293680.472862 273081.319562 172.945219  0
283346.907965 272761.484019 183.251443  0
273013.676150 272441.521099 811.817075  0
262680.752399 272121.437392 2275.981950  0
252348.111857 271801.239527 2571.094124  0
242015.729456 271480.934086 2673.945054  0
231683.580370 271160.527690 2857.368933  0
221351.639632 270840.026954 2887.607205  0
211019.882293 270519.438467 2911.300980  0
200688.283343 270198.768809 2675.375994  0
190356.817936 269878.024594 3288.541644  0
180025.461084 269557.212420 2947.921260  0
169694.187894 269236.338874 2170.398769  0
159362.973408 268915.410552 3375.879240  0
149031.792679 268594.434045 5612.527913  0
138700.620779 268273.415929 5743.373938  0
128369.432710 267952.362799 4440.210285  0
118038.203638 267631.281250 4046.715701  0
107706.908587 267310.177884 4307.228488  0
97375.522602 266989.059267 4512.258874  0
87044.020729 266667.931989 4506.867664  0
76712.377957 266346.802608 4500.297392  0
66380.569492 266025.677785 4523.237337  0
56048.570274 265704.564041 4508.824297  0
45716.355310 265383.467975 4456.145347  0
35383.899760 265062.396221 4504.192615  0
25051.178586 264741.355319 4601.403070  0
14718.166811 264420.351880 4456.112373  0
4384.839480 264099.392483 4397.614687  0
335312.079300 264371.791413 141.628477  0
324976.992459 264052.521784 143.465892  0
314642.331350 263733.100182 145.149318  0
304308.070986 263413.533217 160.672300  0
293974.186460 263093.827543 165.063038  0
283640.652751 262773.989738 200.106620  0
273307.444991 262454.026450 744.578808  0
262974.538113 262133.944261 2284.597544  0
252641.907284 261813.749820 2719.067671  0
242309.527549 261493.449725 2801.847174  0
231977.373898 261173.050547 2854.775398  0
221645.421473 260852.558935 2887.915249  0
211313.645302 260531.981462 2134.550524  0
200982.020427 260211.324715 2561.299997  0
190650.521969 259890.595327 3501.145267  0
180319.124930 259569.799871 2371.464937  0
169987.804333 259248.944908 2680.620859  0
159656.535421 258928.037111 2672.483863  0
149325.293035 258607.082980 5406.694524  0
138994.052457 258286.089169 5757.217107  0
128662.788546 257965.062217 4723.127213  0
118331.476471 257644.008750 4497.737203  0
108000.091271 257322.935346 4325.505306  0
97668.608072 257001.848607 4644.509683  0
87337.001799 256680.755071 4584.787426  0
77005.247597 256359.661380 4556.359266  0
66673.320490 256038.574093 4566.467390  0
56341.195510 255717.499795 4553.812214  0
46008.847700 255396.445083 4437.379638  0
35676.252190 255075.416561 4486.110195  0
25343.383891 254754.420806 4519.392047  0
15010.217886 254433.464406 4509.904252  0
4676.729192 254112.553930 4388.760157  0
335605.638515 254384.423464 143.238689  0
325270.609631 254065.136951 145.124135  0
314935.999357 253745.700393 140.275334  0
304601.782715 253426.120392 147.228717  0
294267.934675 253106.403543 199.946381  0
283934.430362 252786.556502 188.606989  0
273601.244792 252466.585856 765.779266  0
263268.353064 252146.498234 2267.538006  0
252935.730154 251826.300243 2750.944972  0
242603.351212 251505.998492 2856.764902  0
232271.191261 251185.599575 2844.786859  0
221939.225342 250865.110099 2892.854773  0
211607.428593 250544.536680 2494.360728  0
201275.775950 250223.885894 1946.076823  0
190944.242605 249903.164332 3287.059188  0
180612.803528 249582.378602 1962.598148  0
170281.433872 249261.535304 1838.855134  0
159950.108589 248940.640997 3457.765866  0
149618.802867 248619.702303 4657.809148  0
139287.491693 248298.725803 5611.431332  0
128956.150155 247977.718077 4700.978052  0
118624.753347 247656.685739 4460.495494  0
108293.276250 247335.635336 4523.859257  0
97961.693925 247014.573471 4611.408725  0
87629.981532 246693.506747 4404.514777  0
77298.114018 246372.441743 4494.543998  0
66966.066509 246051.385039 4516.329281  0
56633.813985 245730.343225 4502.023677  0
46301.331526 245409.322888 4505.522564  0
35968.594215 245088.330651 4493.817000  0
25635.576946 244767.373039 4506.931296  0
15302.254907 244446.456700 4524.091024  0
4968.603079 244125.588221 4499.106401  0
335899.246218 244397.148652 144.031906  0
325564.273553 244077.838381 145.210991  0
315229.712312 243758.379952 144.428223  0
304895.537526 243438.779970 138.403396  0
294561.724238 243119.045063 149.233921  0
284228.247450 242799.181837 438.002661  0
273895.082333 242479.196942 1348.194187  0
263562.203869 242159.096955 2234.480625  0
253229.587132 241838.888505 2703.183767  0
242897.207227 241518.578200 2864.071195  0
232565.039063 241198.172615 2838.031498  0
222233.057941 240877.678399 2879.951469  0
211901.238750 240557.102100 2478.588895  0
201569.556547 240236.450331 1854.720820  0
191237.986486 239915.729705 2923.350498  0
180906.503680 239594.946821 1890.255047  0
170575.083042 239274.108234 2038.648829  0
160243.699730 238953.220559 2416.538896  0
149912.328780 238632.290369 4665.012144  0
139580.945317 238311.324301 5610.525302  0
129249.524288 237990.328877 4732.334843  0
118918.040867 237669.310728 4446.903152  0
108586.470035 237348.276420 4386.065702  0
98254.786939 237027.232576 3897.706142  0
87922.966544 236706.185724 4228.988681  0
77590.983956 236385.142504 4501.513194  0
67258.814249 236064.109492 4500.000653  0
56926.432366 235743.093242 4505.468233  0
46593.813477 235422.100406 4500.020952  0
36260.932499 235101.137506 4499.183035  0
25927.764569 234780.211182 4498.632721  0
15594.284702 234459.328022 4502.809452  0
5260.467867 234138.494568 4503.571057  0
336192.909263 234409.965253 146.090902  0
325857.990969 234090.624285 145.802521  0
315523.476917 233771.137036 144.876759  0
305189.342197 233451.510172 150.313134  0
294855.561802 233131.750274 177.910632  0
284522.110812 232811.863984 749.050136  0
274188.964344 232491.857923 1208.198696  0
263856.097330 232171.738653 1825.754129  0
253523.484939 231851.512833 2489.000010  0
243191.102229 231531.187066 2773.678047  0
232858.924153 231210.767888 2889.038575  0
222526.925886 230890.261984 2787.092154  0
212195.082506 230569.675939 2354.019008  0
201863.368979 230249.016296 1698.038177  0
191531.760504 229928.289703 2420.458725  0
181200.232022 229607.502725 1498.141792  0
170868.758651 229286.661961 2087.486435  0
160537.315464 228965.774000 3084.001049  0
150205.877561 228644.845436 4589.910696  0
139874.419919 228323.882855 5946.861209  0
129542.917627 228002.892828 4730.745928  0
119211.345859 227681.881996 4405.758078  0
108879.679535 227360.856895 4222.113594  0
98547.893747 227039.824107 3859.167197  0
88215.963602 226718.790260 4144.394404  0
77883.864097 226397.761907 4478.944935  0
67551.570389 226076.745683 4516.090230  0
57219.057378 225755.748126 4515.062801  0
46886.300205 225434.775836 4509.285874  0
36553.273875 225113.835418 4500.192017  0
26219.953424 224792.933468 4498.915661  0
15886.313915 224472.076559 4498.640833  0
5552.330351 224151.271296 4499.825203  0
336486.634258 224422.871477 143.070919  0
326151.768514 224103.492880 145.737053  0
315817.299880 223783.969938 141.903405  0
305483.203396 223464.309247 150.048949  0
295149.454111 223144.517471 157.730733  0
284816.027137 222824.601187 685.093226  0
274482.897448 222504.567023 1500.226026  0
264150.040140 222184.421584 2575.725472  0
253817.430270 221864.171461 2558.759124  0
243485.042911 221543.823293 2778.492037  0
233152.853187 221223.383684 2985.629499  0
222820.836039 220902.859186 2767.531670  0
212488.966642 220582.256452 1968.911612  0
202157.220005 220261.582036 1576.769859  0
191825.571159 219940.842532 1152.151069  0
181493.995315 219620.044572 1178.893367  0
171162.467422 219299.194732 2541.826341  0
160830.962544 218978.299576 3386.787955  0
150499.455774 218657.365695 4500.537644  0
140167.922228 218336.399713 5971.765895  0
129836.336910 218015.408202 4760.822077  0
119504.674937 217694.397754 4397.774242  0
109172.911302 217373.374939 4253.485026  0
98841.021108 217052.346342 3974.216967  0
88508.979403 216731.318574 4053.449894  0
78176.761200 216410.298202 4497.464732  0
67844.341613 216089.291824 4521.339707  0
57511.695705 215768.306046 4514.768554  0
47178.798426 215447.347423 4508.642733  0
36845.624897 215126.422569 4500.287260  0
26512.150190 214805.538090 4500.004891  0
16178.349187 214484.700532 4500.006954  0
5844.197083 214163.916531 4500.070098  0
336780.427817 214435.866702 140.087037  0
326445.612840 214116.443504 143.188527  0
316111.187846 213796.877857 141.905994  0
305777.127859 213477.176403 148.638774  0
295443.407880 213157.345728 160.126351  0
285110.003015 212837.392460 202.576727  0
274776.888406 212517.323228 1614.288130  0
264444.038944 212197.144602 2532.568849  0
254111.429844 211876.863236 2662.390172  0
243779.036151 211556.485707 3055.749325  0
233446.832787 211236.018604 2802.051296  0
223114.795018 210915.468556 2416.862446  0
212782.897773 210594.842134 2465.683068  0
202451.116237 210274.145971 1184.289695  0
192119.425349 209953.386611 1259.451391  0
181787.800221 209632.570672 1229.755462  0
171456.216010 209311.704748 1718.544092  0
161124.647682 208990.795423 4198.863912  0
150793.070320 208669.849274 5229.903513  0
140461.459040 208348.872903 5756.451587  0
130129.788909 208027.872925 5181.739089  0
119798.034909 207706.855866 4512.751006  0
109466.172173 207385.828363 4285.504774  0
99134.175741 207064.796991 4109.150246  0
88802.020689 206743.768318 4212.699289  0
78469.682030 206422.748962 4501.281883  0
68137.134838 206101.745479 4496.174893  0
57804.354123 205780.764475 4480.611079  0
47471.315013 205459.812547 4486.034237  0
37137.992513 205138.896288 4498.090653  0
26804.361662 204818.022285 4499.802094  0
16470.397454 204497.197119 4497.877555  0
6136.074911 204176.427381 4499.638707  0
337074.296953 204448.948101 135.766711  0
326739.530909 204129.473367 138.309834  0
316405.147698 203809.858102 139.921844  0
306071.122345 203490.108930 144.563936  0
295737.429927 203170.232460 154.580876  0
285404.045483 202850.235308 185.714702  0
275070.944020 202530.124072 1988.630927  0
264738.100669 202209.905366 2682.322431  0
254405.490515 201889.585814 2845.210002  0
244073.088623 201569.172009 2906.953331  0
233740.869952 201248.670532 2810.140077  0
223408.809721 200928.088006 2786.339169  0
213076.882826 200607.430992 2487.141786  0
202745.064563 200286.706149 1350.742644  0
192413.329768 199965.920007 1640.566792  0
182081.653682 199645.079186 1887.130835  0
171750.011286 199324.190274 2044.432646  0
161418.377757 199003.259881 4229.558605  0
151086.728018 198682.294544 5550.512782  0
140755.037174 198361.300881 5358.822188  0
130423.280367 198040.285501 5170.124897  0
120091.432647 197719.254963 4495.360133  0
109759.469012 197398.215858 4188.669444  0
99427.364507 197077.174765 4208.176763  0
89095.094286 196756.138296 4320.457480  0
78762.633324 196435.113007 4500.270047  0
68429.956767 196114.105538 4427.377679  0
58097.039522 195793.122411 4374.589013  0
47763.856733 195472.170267 4442.823703  0
37430.383450 195151.255675 4500.555806  0
27096.594663 194830.385246 4501.364185  0
16762.465412 194509.565557 4494.105357  0
6427.970697 194188.803180 4501.245194  0
337368.248184 194462.114190 132.983273  0
327033.529270 194142.580983 135.068828  0
316699.186093 193822.909172 136.489849  0
306365.193604 193503.105356 142.641091  0
296031.526879 193183.176154 149.286347  0
285698.160969 192863.128156 519.207961  0
275365.070961 192542.967995 2218.805226  0
265032.231919 192222.702284 2707.709309  0
254699.618886 191902.337602 3002.606305  0
244367.206946 191581.880560 2877.862860  0
234034.971149 191261.337778 2753.285262  0
223702.886679 190940.715847 2670.165395  0
213370.928392 190620.021335 2440.224895  0
203039.071554 190299.260871 1649.430010  0
192707.291121 189978.441003 2528.288310  0
182375.562221 189657.568378 2765.228609  0
172043.859967 189336.649584 3367.531755  0
161712.159312 189015.691137 3556.498505  0
151380.435366 188694.699688 5946.488562  0
141048.663235 188373.681813 5375.132978  0
130716.817989 188052.644098 4960.394780  0
120384.874662 187731.593137 4598.130878  0
110052.808343 187410.535501 4369.680688  0
99720.594005 187089.477775 4346.243934  0
89388.206818 186768.426556 4376.108176  0
79055.621833 186447.388466 4406.160033  0
68722.814017 186126.370034 4242.733755  0
58389.758434 185805.377867 4210.169882  0
48056.430193 185484.418561 4376.790276  0
37722.804285 185163.498729 4506.673994  0
27388.855758 184842.624928 4498.822100  0
17054.559681 184521.803785 4495.595485  0
6719.891020 184201.041873 4512.167103  0
337662.288307 184475.363248 132.190221  0
327327.614755 184155.764645 138.249302  0
316993.309819 183836.029355 137.330362  0
306659.348382 183516.163946 145.984394  0
296325.705513 183196.175044 174.413162  0
285992.356409 182876.069288 619.925697  0
275659.276023 182555.853265 2194.765322  0
265326.439436 182235.533576 2674.442007  0
254993.821768 181915.116855 2966.822039  0
244661.398060 181594.609676 2933.343912  0
234329.143322 181274.018628 2809.635468  0
223997.032754 180953.350347 2696.970361  0
213665.041324 180632.611398 2407.596237  0
203333.144118 180311.808380 1608.359051  0
193001.316277 179990.947883 2509.985471  0
182669.532763 179670.036497 3030.444564  0
172337.768736 179349.080827 2655.898898  0
162005.999193 179028.087445 4390.547317  0
151674.199320 178707.062954 6174.813987  0
141342.344062 178386.013919 5446.258437  0
131010.408554 178064.946937 4989.748632  0
120678.367903 177743.868624 4591.830256  0
110346.197049 177422.785536 4420.121378  0
100013.871129 177101.704248 4333.771209  0
89681.365174 176780.631354 4342.403378  0
79348.654249 176459.573469 4282.449586  0
69015.713480 176138.537186 4121.276682  0
58682.517749 175817.529028 3993.283103  0
48349.042251 175496.555655 4246.554157  0
38015.262022 175175.623650 4489.592580  0
27681.151991 174854.739574 4510.148627  0
17346.687201 174533.910015 4543.880255  0
7011.842803 174213.141615 4534.018291  0
337956.424019 174488.693094 145.066472  0
327621.794018 174169.022176 149.816829  0
317287.525419 173849.216459 159.961728  0
306953.593231 173529.282562 182.606256  0
296619.972535 173209.227075 494.642426  0
286286.638375 172889.056636 774.613510  0
275953.565860 172568.777844 2311.894637  0
265620.729934 172248.397286 2777.886366  0
255288.105815 171927.921584 2981.523511  0
244955.668547 171607.357358 3035.858129  0
234623.393102 171286.711151 2855.375266  0
224291.254628 170965.989615 2725.829562  0
213959.228208 170645.199309 2444.562402  0
203627.288887 170324.346831 1587.620521  0
193295.411768 170003.438787 2762.228564  0
182963.571867 169682.481746 2716.812573  0
172631.744318 169361.482324 2996.924796  0
162299.904172 169040.447090 4318.456751  0
151968.026456 168719.382615 6204.505641  0
141636.086314 168398.295530 5591.776101  0
131304.058806 168077.192407 4951.084515  0
120971.918901 167756.079798 4648.047146  0
110639.641751 167434.964325 4171.063197  0
100307.202420 167113.852583 4170.115128  0
89974.575958 166792.751130 4206.414852  0
79641.737372 166471.666571 4144.564095  0
69308.661735 166150.605484 4352.307471  0
58975.324159 165829.574478 4524.473509  0
48641.699594 165508.580099 4401.220936  0
38307.763163 165187.629002 4354.421786  0
27973.489764 164866.727717 4504.460887  0
17638.854619 164545.882899 4572.369203  0
7303.832637 164225.101113 4512.796082  0
338250.662011 164502.102804 218.540864  0
327916.073806 164182.352609 243.035433  0
317581.839820 163862.469523 332.263601  0
307247.935063 163542.460145 661.332300  0
296914.334673 163222.331114 823.023612  0
286581.013706 162902.089021 1203.015720  0
276247.947194 162581.740493 2334.006358  0
265915.110242 162261.292114 2879.805267  0
255582.477852 161940.750501 3060.959188  0
245250.025114 161620.122204 3183.984620  0
234917.727207 161299.413897 2869.528408  0
224585.559108 160978.632144 2647.637319  0
214253.495851 160657.783510 2422.899251  0
203921.512588 160336.874616 1857.389576  0
193589.584394 160015.912050 2765.704353  0
183257.686395 159694.902427 2558.598917  0
172925.793494 159373.852266 3197.225615  0
162593.880925 159052.768227 4556.481137  0
152261.923637 158731.656836 6202.001765  0
141929.896757 158410.524727 5464.164134  0
131597.775418 158089.378466 4925.505579  0
121265.534571 157768.224650 4495.665964  0
110933.149383 157447.069866 4109.158292  0
100600.594779 157125.920662 4125.527515  0
90267.845949 156804.783684 4025.722457  0
79934.877932 156483.665486 3861.975949  0
69601.665731 156162.572673 4080.090437  0
59268.184420 155841.511811 4389.144977  0
48934.408961 155520.489492 4404.187727  0
38600.314522 155199.512335 3977.516620  0
28265.876099 154878.586930 4205.716933  0
17931.068668 154557.719845 4477.242840  0
7595.867327 154236.917694 4483.142666  0
338545.009050 154515.589671 364.432125  0
328210.460829 154195.753301 412.156650  0
317876.259614 153875.785929 469.552118  0
307542.380617 153555.694209 755.244327  0
297208.798686 153235.484695 1109.765700  0
286875.489084 152915.164057 1400.531373  0
276542.426858 152594.738882 2486.097216  0
266209.586961 152274.215773 2934.278689  0
255876.944500 151953.601303 3126.685656  0
245544.474630 151632.902097 3205.165602  0
235212.152349 151312.124760 2943.104693  0
224879.952804 150991.275880 2598.063334  0
214547.850980 150670.362026 2292.554823  0
204215.822067 150349.389823 1750.232338  0
193883.841026 150028.365851 2081.041213  0
183551.882966 149707.296678 2532.362192  0
173219.922968 149386.188913 3343.027290  0
162887.936184 149065.049158 4497.320594  0
152555.897535 148743.883961 6232.009314  0
142223.782222 148422.699929 5345.353071  0
131891.565212 148101.503644 4934.046473  0
121559.221605 147780.301692 4467.131934  0
111226.726489 147459.100673 4077.551073  0
100894.054944 147137.907158 4070.827143  0
90561.181951 146816.727732 3921.834858  0
80228.082702 146495.569010 3778.740086  0
69894.732083 146174.437539 3918.408862  0
59561.105247 145853.339943 4251.533772  0
49227.177193 145532.282793 4499.101901  0
38892.922970 145211.272689 4276.323346  0
28558.317610 144890.316226 4039.765165  0
18223.336203 144569.419994 3824.094198  0
7887.953660 144248.590592 4168.148297  0
338839.471904 144529.152765 466.422922  0
328504.961779 144209.223215 547.511658  0
318170.791612 143889.164616 844.544010  0
307836.936395 143568.983548 1001.389191  0
297503.371253 143248.686637 1242.247013  0
287170.071231 142928.280502 1827.733937  0
276837.011377 142607.771721 2870.456386  0
266504.166803 142287.166914 3015.525380  0
256171.512541 141966.472675 3261.172363  0
245839.023696 141645.695591 3211.691396  0
235506.675359 141324.842285 3000.288674  0
225174.442552 141003.919328 2519.230837  0
214842.300364 140682.933299 2286.016883  0
204510.223864 140361.890827 1567.765366  0
194178.188213 140040.798474 1557.813050  0
183846.168395 139719.662849 2539.462022  0
173514.139554 139398.490521 3233.476252  0
163182.076665 139077.288076 4598.063533  0
152849.954856 138756.062096 6166.215809  0
142517.749228 138434.819208 5161.493048  0
132185.434824 138113.565958 4996.078856  0
121852.986666 137792.308926 4133.086862  0
111520.379913 137471.054727 3525.483637  0
101187.589571 137149.809935 3888.047195  0
90854.590708 136828.581136 3862.556731  0
80521.358307 136507.374906 3924.697751  0
70187.867560 136186.197862 3946.252800  0
59854.093358 135865.056550 4285.810096  0
49520.010861 135543.957608 4573.791030  0
39185.595084 135222.907601 4458.451072  0
28850.821081 134901.913163 3262.546280  0
18515.663773 134580.980810 2332.408893  0
8180.098325 134260.117221 2626.090710  0
339134.057221 134542.790035 576.686653  0
328799.583473 134222.760406 598.741255  0
318465.442523 133902.603634 832.865706  0
308131.609418 133582.326317 1086.120052  0
297798.059137 133261.935033 1796.571573  0
287464.766931 132941.436456 2640.679437  0
277131.707711 132620.837122 2908.896217  0
266798.856649 132300.143700 3139.236975  0
256466.188732 131979.362719 3317.976740  0
246133.679139 131658.500829 3237.141776  0
235801.302839 131337.564595 3162.990096  0
225469.035024 131016.560621 2679.465069  0
215136.850727 130695.495511 2368.705887  0
204804.724919 130374.375819 1561.502142  0
194472.632852 130053.208179 869.573944  0
184140.549424 129731.999119 2143.914785  0
173808.449877 129410.755293 3365.035588  0
163476.309177 129089.483242 4491.839003  0
153144.102425 128768.189559 5815.509899  0
142811.804715 128446.880851 5074.657286  0
132479.391141 128125.563709 4941.351104  0
122146.836660 127804.244661 3706.358746  0
111814.116419 127482.930350 3097.857610  0
101481.205506 127161.627345 3492.122212  0
91148.078849 126840.342207 4035.350423  0
80814.711657 126519.081576 3939.411589  0
70481.078927 126197.852005 3797.398944  0
60147.155641 125876.660070 4179.004368  0
49812.916912 125555.512393 4499.434662  0
39478.337778 125234.415558 4414.713038  0
29143.393263 124913.376167 2880.779294  0
18808.058390 124592.400791 1926.245769  0
8472.308156 124271.496043 2329.678077  0
339428.771739 124556.498942 642.497022  0
329094.332543 124236.362334 690.464684  0
318760.219005 123916.100494 1245.061764  0
308426.406159 123595.720017 1571.958929  0
298092.869109 123275.227521 2570.387282  0
287759.582826 122954.629580 2700.965373  0
277426.522487 122633.932846 2976.399475  0
267093.663148 122313.143889 3210.311426  0
256760.979782 121992.269294 3348.505386  0
246428.447658 121671.315713 3287.518336  0
236096.041700 121350.289671 3179.819125  0
225763.737032 121029.197804 2921.725510  0
215431.508724 120708.046686 2498.738304  0
205099.331845 120386.842904 1795.792854  0
194767.181539 120065.593065 437.787531  0
184435.032813 119744.303725 1915.916401  0
174102.860736 119422.981500 3279.122451  0
163770.640399 119101.632941 4434.777191  0
153438.346940 118780.264697 5861.890609  0
143105.955388 118458.883287 5101.214209  0
132773.440744 118137.495317 4808.399199  0
122440.778164 117816.107389 4141.291510  0
112107.942663 117494.726071 3318.328565  0
101774.909324 117173.357953 4322.617542  0
91441.653230 116852.009624 4137.672119  0
81108.149383 116530.687679 3728.032515  0
70774.372869 116209.398687 3017.044210  0
60440.298684 115888.149241 3457.831696  0
50105.901968 115566.945961 3805.332494  0
39771.157649 115245.795395 4420.641817  0
29436.040850 114924.704178 3739.060033  0
19100.526559 114603.678879 2417.029255  0
8764.589815 114282.726116 3748.284116  0
339723.622142 114570.278667 666.290335  0
329389.215737 114250.028135 744.818047  0
319055.127795 113929.654266 1422.935092  0
308721.333471 113609.163705 1987.441744  0
298387.807720 113288.563009 2741.332903  0
288054.525646 112967.858786 2903.580782  0
277721.462348 112647.057682 3130.694945  0
267388.592891 112326.166241 3300.793197  0
257055.892385 112005.191124 3500.885318  0
246723.335840 111684.138853 3293.427121  0
236390.898395 111363.016059 3197.475543  0
226058.555123 111041.829359 3078.725704  0
215726.281053 110720.585294 2625.181860  0
205394.051349 110399.290490 2233.270581  0
195061.840981 110077.951490 774.218626  0
184729.625124 109756.574923 1936.667857  0
174397.378829 109435.167369 3069.633829  0
164065.077081 109113.735376 4229.969571  0
153732.695078 108792.285580 5940.747184  0
143400.207895 108470.824548 5154.472059  0
133067.590455 108149.358839 4799.489244  0
122734.817982 107827.895066 4421.769680  0
112401.865410 107506.439793 4315.816583  0
102068.707894 107184.999631 4263.614335  0
91735.320527 106863.581164 4042.307580  0
81401.678254 106542.190957 3617.541799  0
71067.756163 106220.835613 3350.308997  0
60733.529282 105899.521701 3759.834128  0
50398.972771 105578.255859 4267.066913  0
40064.061507 105257.044630 4331.785577  0
29728.770657 104935.894642 3197.798067  0
19393.075160 104614.812478 1960.707599  0
9056.950034 104293.804729 4030.989417  0
340018.615178 104584.127747 592.433394  0
329684.239784 104263.756322 672.093161  0
319350.175666 103943.263477 1444.569751  0
309016.397965 103622.655821 2055.055612  0
298682.881757 103301.939973 2473.334356  0
288349.602141 102981.122527 2967.539502  0
278016.534145 102660.210087 3236.613270  0
267683.652827 102339.209214 3387.300162  0
257350.933301 102018.126570 3514.943300  0
247018.350591 101696.968673 3334.395289  0
236685.879912 101375.742188 3223.111461  0
226353.496226 101054.453664 3272.856995  0
216021.174642 100733.109700 2986.227091  0
205688.890218 100411.716877 2533.258775  0
195356.618092 100090.281782 1971.163346  0
185024.333262 99768.811008 1569.630538  0
174692.010893 99447.311151 1609.248959  0
164359.626016 99125.788773 3849.431540  0
154027.153664 98804.250468 5231.622125  0
143694.568965 98482.702809 5116.512058  0
133361.847045 98161.152421 4627.140545  0
123028.962829 97839.605842 4335.351040  0
112695.891473 97518.069664 4046.392588  0
102362.607985 97196.550473 3991.702151  0
92029.087456 96875.054872 3808.142199  0
81695.304991 96553.589448 3927.032013  0
71361.235547 96232.160781 4108.888563  0
61026.854239 95910.775460 3905.967105  0
50692.136112 95589.440083 4410.599858  0
40357.056143 95268.161226 4521.486745  0
30021.589381 94946.945490 3245.512215  0
19685.710947 94625.799507 2814.197535  0
9349.395685 94304.729821 4044.455043  0
340313.757635 94598.043661 586.954140  0
329979.411365 94277.544410 643.253728  0
319645.369333 93956.925685 860.073839  0
309311.606525 93636.194022 1586.459100  0
298978.098128 93315.356130 1659.007266  0
288644.819103 92994.418505 2992.102319  0
278311.744536 92673.387790 3247.276599  0
267978.849548 92352.270579 3429.864135  0
257646.109273 92031.073486 3495.314145  0
247313.498648 91709.803075 3427.684596  0
236980.992848 91388.465935 3340.999658  0
226648.566983 91067.068695 3355.904991  0
216316.196047 90745.617906 3119.328331  0
205983.855195 90424.120159 2804.319956  0
195651.519514 90102.582067 2390.125563  0
185319.163981 89781.010174 1486.901104  0
174986.763722 89459.411084 1574.739035  0
164654.293879 89137.791395 3698.527772  0
154321.729468 88816.157685 5482.820358  0
143989.045526 88494.516509 5269.530564  0
133656.217167 88172.874476 4679.991979  0
123323.219523 87851.238182 4463.297429  0
112990.027524 87529.614176 4215.221659  0
102656.616324 87208.009073 4010.336311  0
92322.960950 86886.429452 3646.080803  0
81989.036445 86564.881881 3982.975420  0
71654.817852 86243.372957 4311.162099  0
61320.280296 85921.909305 4135.281139  0
50985.398778 85600.497487 4482.511036  0
40650.148298 85279.144098 4465.152725  0
30314.503877 84957.855696 3753.887077  0
19978.440592 84636.638932 3617.882381  0
9641.933468 84315.500398 4233.417249  0
340609.056173 84612.024656 549.734026  0
330274.737268 84291.390668 579.504717  0
319940.715494 83970.639118 626.921519  0
309606.965807 83649.776585 1277.653467  0
299273.463329 83328.809652 1518.831843  0
288940.183119 83007.744962 2570.682150  0
278607.100276 82686.589080 3219.516539  0
268274.189841 82365.348602 3390.734985  0
257941.426946 82044.030144 3560.022300  0
247608.786680 81722.640299 3483.162431  0
237276.244014 81401.185618 3398.855560  0
226943.774148 81079.672720 3439.124433  0
216611.352091 80758.108180 3223.005745  0
206278.953019 80436.498609 2747.031886  0
195946.551914 80114.850572 2398.806851  0
185614.123923 79793.170661 1104.268991  0
175281.643999 79471.465431 1143.761357  0
164949.087402 79149.741511 3678.650366  0
154616.429055 78828.005436 5280.054998  0
144283.644108 78506.263831 5136.228652  0
133950.707667 78184.523270 4697.776904  0
123617.594709 77862.790329 4331.269153  0
113284.280302 77541.071583 4119.483112  0
102950.739530 77219.373632 3922.923780  0
92616.947503 76897.703043 4232.832757  0
82282.879249 76576.066452 3719.458886  0
71948.509772 76254.470389 4335.298438  0
61613.814149 75932.921454 4127.256126  0
51278.767456 75611.426276 3731.697806  0
40943.344658 75289.991416 4177.846055  0
30607.520801 74968.623453 4248.038737  0
20271.270932 74647.329015 4509.395658  0
9934.570117 74326.114699 4485.725491  0
340904.517461 74626.068832 304.577432  0
330570.224208 74305.293222 356.844047  0
320236.220907 73984.401949 398.524258  0
309902.482489 73663.401574 1042.358471  0
299568.984189 73342.298757 1502.850377  0
289235.701064 73021.100080 1794.998075  0
278902.608057 72699.812097 3045.715950  0
268569.680414 72378.441452 3345.428097  0
258236.893128 72056.994724 3502.751024  0
247904.221363 71735.478510 3499.799138  0
237571.640094 71413.899386 3449.901207  0
227239.124469 71092.263939 3457.119407  0
216906.649515 70770.578754 3501.904357  0
206574.190358 70448.850432 2636.266368  0
196241.722155 70127.085558 2322.406979  0
185909.219798 69805.290678 705.185022  0
175576.658494 69483.472402 1628.989942  0
165244.013317 69161.637349 2794.569210  0
154911.259322 68839.792046 5274.691767  0
144578.371639 68517.943108 5430.351894  0
134245.325212 68196.097092 4620.038160  0
123912.095155 67874.260584 4207.027408  0
113578.656593 67552.440201 4177.423355  0
103244.984547 67230.642500 4240.281489  0
92911.054047 66908.874055 4151.029561  0
82576.840219 66587.141478 4075.316656  0
72242.317993 66265.451331 3926.409571  0
61907.462526 65943.810238 3732.266806  0
51572.248862 65622.224787 3542.550878  0
41236.651988 65300.701546 4053.170155  0
30900.646904 64979.247110 4003.131034  0
20564.208696 64657.868089 4471.530253  0
10227.312395 64336.571089 4358.669594  0
341200.148307 64640.174928 198.294536  0
330865.878851 64319.250732 211.385085  0
320531.892155 63998.212778 305.944666  0
310198.163267 63677.067656 887.912116  0
299864.667401 63355.822007 1527.077537  0
289531.379458 63034.482374 1780.121414  0
279198.274645 62713.055397 2946.526263  0
268865.327928 62391.547627 3303.069333  0
258532.514502 62069.965701 3500.472220  0
248199.809402 61748.316172 3503.417326  0
237867.187744 61426.605662 3483.822626  0
227534.624548 61104.840728 3463.660028  0
217202.094932 60783.027963 3394.878287  0
206869.573971 60461.173962 3055.195832  0
196537.036780 60139.285295 1989.883891  0
186204.458349 59817.368542 831.316447  0
175871.813922 59495.430314 1310.219392  0
165539.078411 59173.477165 2054.073985  0
155206.226907 58851.515657 5099.658110  0
144873.234587 58529.552431 5350.717601  0
134540.076458 58207.594030 4541.931539  0
124206.727614 57885.647058 4362.576290  0
113873.163045 57563.718064 3914.235989  0
103539.357897 57241.813669 4351.697813  0
93205.287140 56919.940426 3645.687494  0
82870.925974 56598.104962 4462.230014  0
72536.249271 56276.313819 4118.768431  0
62201.232212 55954.573619 3581.624284  0
51865.849781 55632.890950 3640.288733  0
41530.076995 55311.272381 4036.169557  0
31193.888953 54989.724538 3839.766619  0
20857.260566 54668.253976 4215.567052  0
10520.166969 54346.867343 4397.419545  0
341495.955338 54654.341190 199.858355  0
331161.707882 54333.261462 180.156435  0
320827.736048 54012.069901 313.907736  0
310494.015001 53690.773111 791.527390  0
300160.519652 53369.377658 2074.342523  0
289827.225165 53047.890148 2922.608317  0
279494.106659 52726.317213 3117.975789  0
269161.139170 52404.665395 3279.235133  0
258828.297814 52082.941328 3495.622635  0
248495.557626 51761.151565 3544.421917  0
238162.893735 51439.302709 3537.083310  0
227830.281237 51117.401354 3500.067020  0
217497.695125 50795.454062 3420.527977  0
207165.110639 50473.467452 2959.402466  0
196832.502703 50151.448061 2208.876297  0
186499.846412 49829.402484 1080.659235  0
176167.116970 49507.337338 731.407263  0
165834.289337 49185.259152 2151.055631  0
155501.338634 48863.174551 4530.590990  0
145168.239962 48541.090096 5389.336373  0
134834.968300 48219.012365 4267.893320  0
124501.498807 47896.947953 4195.323253  0
114167.806461 47574.903423 4132.857435  0
103833.866476 47252.885410 4512.346343  0
93499.653690 46930.900411 3702.322553  0
83165.143368 46608.955108 3839.284507  0
72830.310400 46287.056027 4319.609047  0
62495.129916 45965.209763 3979.990420  0
52159.576987 45643.422943 4087.074178  0
41823.626515 45321.702099 4420.231630  0
31487.253690 45000.053906 4151.102326  0
21150.433397 44678.484891 4228.009030  0
10813.140738 44357.001690 4275.741245  0
341791.945292 44668.565668 200.230729  0
331457.718088 44347.323502 204.051407  0
321123.759358 44025.971401 369.062451  0
310790.044158 43704.515966 1392.121590  0
300456.547662 43382.963807 2884.265082  0
290123.244863 43061.321526 3131.075280  0
279790.110957 42739.595696 3213.411621  0
269457.120873 42417.792921 3265.719602  0
259124.249746 42095.919765 3458.293227  0
248791.472740 41773.982843 3566.670690  0
238458.764848 41451.988728 3578.653498  0
228126.101181 41129.943996 3509.229039  0
217793.456877 40807.855276 3451.974336  0
207460.806931 40485.729076 3239.726947  0
197128.126482 40163.572048 2411.029831  0
186795.390598 39841.390732 919.789609  0
176462.574372 39519.191723 360.393109  0
166129.652864 39196.981613 2232.014688  0
155796.601112 38874.766955 4542.547668  0
145463.394259 38552.554338 5011.217937  0
135130.007402 38230.350388 4769.707798  0
124796.415484 37908.161617 4373.097940  0
114462.593612 37585.994634 4367.522860  0
104128.516932 37263.856037 4080.729247  0
93794.160410 36941.752400 3865.414379  0
83459.499122 36619.690309 3788.039619  0
73124.508104 36297.676339 4079.684053  0
62789.162423 35975.717095 4048.915093  0
52453.437179 35653.819184 4276.424554  0
42117.307289 35331.989172 4541.188776  0
31780.747844 35010.233672 4048.844808  0
21443.733832 34688.559232 4438.860320  0
11106.240312 34366.972519 4220.381801  0
342088.124908 34682.846824 198.788172  0
331753.916140 34361.435269 225.380847  0
321419.968737 34039.915700 544.667641  0
311086.257727 33718.294711 1485.478980  0
300752.758255 33396.578902 3032.965203  0
290419.445367 33074.774880 3101.708137  0
280086.294163 32752.889221 3187.646124  0
269753.279715 32430.928520 3262.975716  0
259420.377074 32108.899337 3491.293536  0
249087.561464 31786.808338 3583.239648  0
238754.807758 31464.662002 3567.895099  0
228422.091268 31142.467016 3511.439255  0
218089.386887 30820.229874 3483.586969  0
207756.669812 30497.957214 3350.264028  0
197423.915087 30175.655593 2796.058649  0
187091.097729 29853.331567 1489.031022  0
176758.192997 29530.991795 178.704680  0
166425.175790 29208.642785 2081.120529  0
156092.021255 28886.291127 4271.965007  0
145758.704433 28563.943417 4795.538663  0
135425.200483 28241.606259 4539.473965  0
125091.484400 27919.286194 3982.646515  0
114757.531211 27596.989813 4229.257755  0
104423.316061 27274.723706 3982.840290  0
94088.813985 26952.494468 4135.118904  0
83753.999994 26630.308664 4184.137923  0
73418.849138 26308.172874 4112.793742  0
63083.336495 25986.093706 3973.405697  0
52747.437112 25664.077761 4249.847807  0
42411.126012 25342.131606 3941.729863  0
32074.378229 25020.261870 3653.180891  0
21737.168715 24698.475108 4004.644324  0
11399.472584 24376.777942 4249.747316  0
342384.500910 24697.182378 197.743473  0
332050.308818 24375.594522 348.623906  0
321716.370879 24053.900562 983.777881  0
311382.662300 23732.107129 2681.250483  0
301049.158066 23410.220759 3043.264689  0
290715.833264 23088.248085 3129.955622  0
280382.663047 22766.195699 3202.163183  0
270049.622405 22444.070160 3273.676910  0
259716.686515 22121.878089 3486.038994  0
249383.830472 21799.626057 3555.027855  0
239051.029276 21477.320638 3547.163215  0
228718.258049 21154.968424 3504.771394  0
218385.491824 20832.575978 3443.477984  0
208052.705821 20510.149924 3311.470659  0
197719.875034 20187.696811 2906.026721  0
187386.974506 19865.223206 1264.075625  0
177053.979395 19542.735712 607.360428  0
166720.864761 19220.240923 1862.372665  0
156387.605666 18897.745377 3703.115150  0
146054.177120 18575.255664 5259.165422  0
135720.554336 18252.778404 4631.255671  0
125386.712293 17930.320143 4653.386852  0
115052.626014 17607.887439 4199.487792  0
104718.270629 17285.486919 4289.052894  0
94383.621183 16963.125150 3578.366099  0
84048.652687 16640.808708 4282.566240  0
73713.340266 16318.544208 4237.877018  0
63377.658876 15996.338218 4184.693156  0
53041.583592 15674.197314 4471.909147  0
42705.089514 15352.128135 4135.039141  0
32368.151515 15030.137211 3828.727398  0
22030.744771 14708.231206 3852.917548  0
11692.844231 14386.416684 4180.133757  0
342681.079985 14711.570880 200.639520  0
332346.902731 14389.799797 605.436985  0
322012.972531 14067.924525 879.313110  0
311679.264557 13745.951683 2446.867374  0
301345.753751 13423.887846 3112.638816  0
291012.415334 13101.739607 3163.643290  0
280679.224286 12779.513563 3211.717799  0
270346.155732 12457.216278 3319.372747  0
260013.184768 12134.854353 3507.913095  0
249680.286476 11812.434380 3579.008844  0
239347.436004 11489.962948 3551.773970  0
229014.608267 11167.446602 3499.434481  0
218681.778521 10844.891956 3388.293350  0
208348.921793 10522.305573 3243.136346  0
198016.013096 10199.694017 2972.186689  0
187683.027631 9877.063908 1808.707775  0
177349.940452 9554.421815 882.568684  0
167016.726527 9231.774269 1583.454971  0
156683.361077 8909.127904 3859.468671  0
146349.819097 8586.489282 4736.110021  0
136016.075642 8263.864972 4795.479856  0
125682.105813 7941.261560 5142.562383  0
115347.884691 7618.685634 4074.414242  0
105013.387335 7296.143777 3972.466536  0
94678.588715 6973.642552 4271.281069  0
84343.463989 6651.188571 4167.226512  0
74007.988154 6328.788399 4541.836858  0
63672.136243 6006.448649 4712.916431  0
53335.883353 5684.175895 4757.306472  0
42999.204403 5361.976704 4109.813596  0
32662.074563 5039.857726 3907.520859  0
22324.468702 4717.825512 3965.883835  0
11986.361939 4395.886685 4131.371297  0
