X,Y,Z,formation,formationID
484744.84905,4764413.48255,5675.77497,seds1_PA,4
485702.41706,4764100.26518,5544.77738,seds1_PA,4
486659.88278,4763786.89245,5299.32997,seds1_PA,4
487617.24619,4763473.36434,5209.7601,seds1_PA,4
488574.50729,4763159.68086,5167.81257,seds1_PA,4
489531.66606,4762845.84201,5124.46234,seds1_PA,4
490489.47862,4762531.84903,5103.86101,seds1_PA,4
491446.43106,4762218.81067,5109.90179,seds1_PA,4
492403.28293,4761904.50563,5080.19244,seds1_PA,4
493360.78719,4761591.15742,5038.535,seds1_PA,4
494317.43338,4761277.65289,5039.9555,seds1_PA,4
495274.73346,4760963.99362,4940.94413,seds1_PA,4
496231.93072,4760651.2901,4600.85058,seds1_PA,4
497189.02674,4760337.31967,4318.36411,seds1_PA,4
498828.55316,4759799.9926,3790.75781,seds1_PA,4
499785.37213,4759486.71138,3673.15289,seds1_PA,4
500742.08928,4759173.27461,3645.75432,seds1_PA,4
501699.46027,4758859.68206,3577.16229,seds1_PA,4
502655.97374,4758545.93404,3524.71812,seds1_PA,4
503612.38604,4758233.1418,3524.53216,seds1_PA,4
504569.45152,4757919.08209,3398.66461,seds1_PA,4
505525.66061,4757605.97863,2666.67188,seds1_PA,4
506619.96444,4757247.00126,2326.94006,seds1_PA,4
507575.95575,4756933.56424,2217.13173,seds1_PA,4
508532.6025,4756621.08192,2008.38751,seds1_PA,4
509489.14619,4756307.3325,1986.45034,seds1_PA,4
510445.59022,4755994.53863,2077.24508,seds1_PA,4
511401.9308,4755680.47767,2207.10321,seds1_PA,4
512358.17206,4755367.37227,1979.76323,seds1_PA,4
513314.31201,4755054.11111,2053.39711,seds1_PA,4
514270.35064,4754740.69419,2245.55389,seds1_PA,4
522516.6295,4752038.77034,3018.94392,seds1_PA,4
523472.45701,4751726.07336,3327.82261,seds1_PA,4
524428.18373,4751413.22042,3507.32262,seds1_PA,4
525383.80965,4751100.21151,3616.64931,seds1_PA,4
526339.33476,4750787.04665,3520.82563,seds1_PA,4
527294.75904,4750473.72584,3527.59714,seds1_PA,4
528250.08783,4750161.36041,3628.25522,seds1_PA,4
529206.06511,4749847.72395,3704.452,seds1_PA,4
530161.1927,4749535.04652,3816.58842,seds1_PA,4
531116.21979,4749222.21315,4011.23109,seds1_PA,4
532071.90074,4748909.21972,3892.05596,seds1_PA,4
533026.72674,4748596.07436,3784.13705,seds1_PA,4
537444.15075,4747149.20494,3362.45448,seds1_PA,4
539279.59693,4746547.05451,3343.33263,seds1_PA,4
540234.43378,4746234.9493,3300.71457,seds1_PA,4
541189.16286,4745921.5766,3055.22762,seds1_PA,4
542143.79957,4745609.1591,2887.71593,seds1_PA,4
543099.08204,4745295.46858,2778.89238,seds1_PA,4
544053.51852,4744982.73868,2748.16174,seds1_PA,4
545007.85498,4744669.85265,2668.4137,seds1_PA,4
546668.88379,4744126.72015,2510.3768,seds1_PA,4
555405.95928,4741264.25239,2523.03206,seds1_PA,4
556359.87105,4740950.61238,2613.07645,seds1_PA,4
557314.44715,4740637.92001,2723.11756,seds1_PA,4
558268.18141,4740326.18991,2874.14002,seds1_PA,4
559221.80525,4740013.19213,2926.2262,seds1_PA,4
560176.09419,4739701.14163,2836.66937,seds1_PA,4
561129.51906,4739387.83109,2778.53584,seds1_PA,4
562083.60929,4739075.46758,2992.04252,seds1_PA,4
563037.60022,4738762.94751,3068.52996,seds1_PA,4
563991.49184,4738450.27089,3185.43585,seds1_PA,4
564944.54344,4738138.55742,3261.21386,seds1_PA,4
565898.23663,4737825.56781,3373.8558,seds1_PA,4
566851.84317,4737513.533,3417.16849,seds1_PA,4
567805.35072,4737201.34166,3427.90546,seds1_PA,4
568758.74621,4736887.88241,3387.36699,seds1_PA,4
569712.82164,4736576.48036,3318.99677,seds1_PA,4
570666.03211,4736263.81927,3224.7468,seds1_PA,4
571619.14354,4735951.00166,3137.95336,seds1_PA,4
572572.16972,4735639.13886,3101.50472,seds1_PA,4
573525.8359,4735325.99872,3076.77629,seds1_PA,4
574478.66446,4735013.82276,3072.86577,seds1_PA,4
575432.14689,4734701.48056,3086.53532,seds1_PA,4
576385.54504,4734390.09295,3004.45151,seds1_PA,4
577338.07752,4734077.44719,2911.82531,seds1_PA,4
578291.26372,4733764.63484,2899.18884,seds1_PA,4
579244.36615,4733452.77709,2927.15006,seds1_PA,4
580197.37009,4733140.76259,2971.34897,seds1_PA,4
581150.27553,4732828.59135,3030.74291,seds1_PA,4
582103.08246,4732516.26336,3135.36869,seds1_PA,4
583055.79087,4732203.77863,3204.36176,seds1_PA,4
584008.40075,4731891.13717,3327.24498,seds1_PA,4
584960.92825,4731579.45032,3398.26685,seds1_PA,4
585913.35755,4731267.60675,3459.32795,seds1_PA,4
586866.44079,4730955.59525,3463.19274,seds1_PA,4
587818.67364,4730643.4381,3463.16788,seds1_PA,4
588771.56031,4730331.11279,3498.08302,seds1_PA,4
589723.59666,4730018.64208,3535.7454,seds1_PA,4
590676.28673,4729706.00296,3562.7706,seds1_PA,4
591628.14397,4729394.33005,3578.27427,seds1_PA,4
592580.65521,4729082.4885,3552.92281,seds1_PA,4
593533.06845,4728770.49,3410.70482,seds1_PA,4
594485.38368,4728458.33455,3228.10238,seds1_PA,4
595437.60089,4728146.02215,2918.15836,seds1_PA,4
596389.73844,4727834.66416,2562.15244,seds1_PA,4
597341.75976,4727522.03788,2497.07809,seds1_PA,4
598293.70175,4727210.36602,2417.09517,seds1_PA,4
599245.54605,4726898.53722,2413.07946,seds1_PA,4
600197.29263,4726586.55149,2372.69029,seds1_PA,4
601149.69305,4726274.39578,2244.28376,seds1_PA,4
602101.24413,4725962.09608,2064.34038,seds1_PA,4
603052.71712,4725650.7508,1890.93805,seds1_PA,4
604019.04216,4725334.53495,1772.27364,seds1_PA,4
609377.22263,4723577.70894,411.793,seds1_PA,4
610328.72274,4723266.26048,360.59933,seds1_PA,4
611280.12566,4722954.65487,355.46175,seds1_PA,4
612231.43137,4722642.89212,273.37889,seds1_PA,4
613182.63987,4722330.97224,299.83378,seds1_PA,4
614133.75114,4722018.89522,311.80353,seds1_PA,4
615085.53813,4721707.75757,300.89188,seds1_PA,4
616036.45504,4721395.36617,286.52708,seds1_PA,4
616987.29704,4721083.92899,281.52668,seds1_PA,4
617938.793,4720772.31946,280.36003,seds1_PA,4
618889.44112,4720460.56791,288.12027,seds1_PA,4
619840.74311,4720148.64378,292.2678,seds1_PA,4
620791.22039,4719837.68923,295.22471,seds1_PA,4
621742.32855,4719525.45049,296.68831,seds1_PA,4
622693.3631,4719214.16576,335.37425,seds1_PA,4
623643.55031,4718902.73962,420.32696,seds1_PA,4
624594.39151,4718591.1403,433.2907,seds1_PA,4
625545.136,4718279.38363,489.24043,seds1_PA,4
626495.78376,4717967.46961,465.0277,seds1_PA,4
627446.35914,4717656.50961,305.04249,seds1_PA,4
628396.8136,4717344.28091,297.08891,seds1_PA,4
629347.19602,4717033.00622,295.11903,seds1_PA,4
365284.34388,4803548.32268,4504.7399,seds1_AU,3
366247.61299,4803233.10378,4461.65026,seds1_AU,3
367210.77508,4802917.73141,4537.54344,seds1_AU,3
368173.06874,4802602.18878,4555.60564,seds1_AU,3
369136.77819,4802286.5263,4521.79998,seds1_AU,3
370099.61919,4801970.69356,4546.87913,seds1_AU,3
371062.32913,4801655.81858,4584.36052,seds1_AU,3
372024.95619,4801339.67895,4673.74761,seds1_AU,3
372987.45253,4801024.4971,4686.19205,seds1_AU,3
373950.6033,4800709.17789,4691.09446,seds1_AU,3
374912.88614,4800393.68905,4624.89316,seds1_AU,3
375875.8233,4800078.06261,4649.43297,seds1_AU,3
376838.63068,4799763.39374,4599.85952,seds1_AU,3
377800.59335,4799447.44439,4463.07488,seds1_AU,3
380505.70351,4798561.76953,4486.78788,seds1_AU,3
381467.99838,4798246.36164,4678.44388,seds1_AU,3
382430.1867,4797930.80012,4710.02783,seds1_AU,3
383392.24675,4797616.19618,4758.49893,seds1_AU,3
384354.98284,4797300.34215,4666.16145,seds1_AU,3
385316.83025,4796985.43085,4660.54551,seds1_AU,3
386279.33204,4796670.38043,4672.4108,seds1_AU,3
387240.96696,4796355.16177,4525.33498,seds1_AU,3
388203.25616,4796039.80377,4643.56715,seds1_AU,3
389165.41835,4795725.40315,4566.17329,seds1_AU,3
390665.49156,4795233.99586,4538.53055,seds1_AU,3
391626.64218,4794918.07645,4517.62183,seds1_AU,3
392830.95228,4794524.12717,4459.75368,seds1_AU,3
394452.76454,4793992.84713,4471.28672,seds1_AU,3
395414.23769,4793677.44703,4483.63825,seds1_AU,3
396376.34561,4793363.01759,4489.74822,seds1_AU,3
398688.67426,4792604.709,4463.27888,seds1_AU,3
399650.42176,4792289.7552,4527.3127,seds1_AU,3
407107.53247,4789847.64275,4385.80432,seds1_AU,3
408069.09639,4789532.46308,4359.88517,seds1_AU,3
409370.36217,4789105.6094,4404.30674,seds1_AU,3
410331.66071,4788791.17798,4369.36496,seds1_AU,3
411707.38452,4788340.49136,4413.67135,seds1_AU,3
413111.89731,4787879.90942,4542.81819,seds1_AU,3
414073.54513,4787564.8886,4618.79931,seds1_AU,3
415034.31229,4787250.81373,4786.75044,seds1_AU,3
415994.99017,4786935.47338,4672.30903,seds1_AU,3
416955.54715,4786621.09008,4577.74825,seds1_AU,3
417915.99912,4786306.55258,4518.5713,seds1_AU,3
418877.10525,4785991.87124,4565.8408,seds1_AU,3
419837.34712,4785677.02522,4568.06479,seds1_AU,3
423446.2474,4784494.26095,4574.56991,seds1_AU,3
424406.7344,4784179.80205,4639.89798,seds1_AU,3
425367.11659,4783865.18874,4586.61767,seds1_AU,3
429924.41951,4782372.5205,4350.25181,seds1_AU,3
430884.18666,4782058.13114,4300.30837,seds1_AU,3
432498.02603,4781529.89517,4670.966,seds1_AU,3
433458.27153,4781215.10031,4716.28778,seds1_AU,3
434417.65388,4780900.14244,4651.32016,seds1_AU,3
435377.67803,4780586.14974,4686.55557,seds1_AU,3
436337.59788,4780272.00244,4706.10397,seds1_AU,3
437297.41343,4779957.70052,4757.20405,seds1_AU,3
438257.12465,4779643.24401,4723.30643,seds1_AU,3
439216.73155,4779328.63289,4705.50369,seds1_AU,3
440176.23411,4779013.86719,4685.16176,seds1_AU,3
441136.37951,4778700.0657,4589.30375,seds1_AU,3
442095.67349,4778384.9907,4544.42605,seds1_AU,3
443054.85243,4778070.87239,4603.51962,seds1_AU,3
453101.24869,4774780.37638,4661.16453,seds1_AU,3
454060.74128,4774465.60675,4720.66724,seds1_AU,3
455019.36384,4774151.78764,4636.93884,seds1_AU,3
455978.64049,4773837.81939,4641.55354,seds1_AU,3
457208.9174,4773434.53206,4588.8613,seds1_AU,3
458167.19998,4773120.20462,4634.2642,seds1_AU,3
459126.12879,4772806.83896,4523.83484,seds1_AU,3
463850.18449,4771258.37959,4390.06886,seds1_AU,3
464808.49397,4770945.20648,4565.44678,seds1_AU,3
465767.46407,4770630.77148,4534.49935,seds1_AU,3
466725.56736,4770317.28831,4542.7658,seds1_AU,3
467684.3308,4770002.54301,4614.90057,seds1_AU,3
468642.22785,4769688.74979,4568.19294,seds1_AU,3
469600.77888,4769374.80551,4631.28023,seds1_AU,3
470558.46982,4769060.70226,4611.12696,seds1_AU,3
471516.80929,4768747.55901,4533.31081,seds1_AU,3
475025.55444,4767597.65085,5198.49833,seds1_AU,3
475983.41437,4767283.78412,5204.92472,seds1_AU,3
476941.17146,4766969.76222,5186.70187,seds1_AU,3
478991.20889,4766298.39259,5686.48303,seds1_AU,3
479948.63941,4765984.99466,5825.85699,seds1_AU,3
480906.72395,4765671.44403,5859.21061,seds1_AU,3
481863.94941,4765357.73567,5927.45042,seds1_AU,3
482821.82878,4765043.87437,5962.22263,seds1_AU,3
483779.60552,4764729.85769,5959.57654,seds1_AU,3
485688.79242,4764104.67744,6028.09636,seds2_PA,5
486646.25958,4763791.30691,6077.8974,seds2_PA,5
487603.62444,4763477.78101,5994.31894,seds2_PA,5
488560.88699,4763164.09974,5999.64875,seds2_PA,5
489518.80338,4762850.26446,5939.4348,seds2_PA,5
490475.86122,4762536.27234,5927.29177,seds2_PA,5
491432.8151,4762223.23619,5993.01279,seds2_PA,5
492390.42447,4761908.93434,5988.00133,seds2_PA,5
493347.17413,4761595.58736,5994.31614,seds2_PA,5
494304.57773,4761282.08577,6019.89137,seds2_PA,5
495261.1233,4760968.42799,5777.09775,seds2_PA,5
496218.32271,4760654.61535,5042.27711,seds2_PA,5
497175.41946,4760341.75846,4453.8327,seds2_PA,5
498815.70414,4759804.43533,3864.99314,seds2_PA,5
499772.52451,4759491.15621,3846.25725,seds2_PA,5
500729.24308,4759177.72152,4004.35561,seds2_PA,5
501685.85982,4758864.13127,4169.84928,seds2_PA,5
502642.37473,4758550.38547,4250.54569,seds2_PA,5
503599.54405,4758237.59498,4321.008,seds2_PA,5
504555.85541,4757923.53795,4084.88895,seds2_PA,5
505512.06594,4757610.4367,2750.4212,seds2_PA,5
506606.37142,4757251.46186,2544.2239,seds2_PA,5
507563.11958,4756938.02608,2498.89746,seds2_PA,5
508519.76773,4756625.54585,2462.36702,seds2_PA,5
509475.5575,4756311.79973,2447.70786,seds2_PA,5
510432.00297,4755999.00808,2471.76114,seds2_PA,5
511388.345,4755684.94933,2600.45091,seds2_PA,5
512344.5877,4755371.84614,2499.83011,seds2_PA,5
513300.7291,4755058.5872,2506.55884,seds2_PA,5
514256.76917,4754745.17249,2519.60139,seds2_PA,5
555825.83878,4741125.77962,2646.87367,seds2_PA,5
556779.71729,4740813.18214,2861.77564,seds2_PA,5
557734.2496,4740500.42091,3110.03039,seds2_PA,5
558687.94016,4740188.622,3380.99678,seds2_PA,5
559641.52021,4739875.55541,3281.89094,seds2_PA,5
560595.76542,4739563.43605,3047.47753,seds2_PA,5
561549.91134,4739251.16013,3100.1307,seds2_PA,5
562503.20485,4738938.73569,3395.4194,seds2_PA,5
563457.15222,4738626.14676,3589.54313,seds2_PA,5
564411.00027,4738313.40128,3820.6149,seds2_PA,5
565364.749,4738000.49925,4003.113,seds2_PA,5
566317.65801,4737688.56055,4220.8633,seds2_PA,5
567271.96121,4737375.33689,4308.41584,seds2_PA,5
568224.67214,4737063.08535,4288.90827,seds2_PA,5
569178.78984,4736750.65971,4209.54982,seds2_PA,5
570132.05564,4736438.08631,4045.29294,seds2_PA,5
571085.23592,4736126.46773,3859.63842,seds2_PA,5
572038.30382,4735813.58127,3734.17675,seds2_PA,5
572992.03925,4735501.64023,3693.94673,seds2_PA,5
573944.90918,4735188.44059,3703.81255,seds2_PA,5
574898.44689,4734876.18615,3833.88078,seds2_PA,5
575851.14764,4734564.89605,3777.6229,seds2_PA,5
576804.48797,4734252.3282,3628.42622,seds2_PA,5
577757.72946,4733939.6036,3540.16391,seds2_PA,5
578710.8871,4733627.83359,3588.61949,seds2_PA,5
579663.17867,4733314.80573,3621.103,seds2_PA,5
580616.13918,4733002.72235,3677.44294,seds2_PA,5
581569.00119,4732690.48222,3855.45078,seds2_PA,5
582521.76468,4732378.08535,4012.96736,seds2_PA,5
583474.44553,4732066.6431,4113.63526,seds2_PA,5
584427.76437,4731753.92187,4194.70416,seds2_PA,5
585380.24864,4731442.16603,4293.42258,seds2_PA,5
586332.63471,4731130.25345,4425.64332,seds2_PA,5
587285.67469,4730818.17291,4480.1695,seds2_PA,5
588237.86429,4730505.94676,4549.95668,seds2_PA,5
589190.7077,4730193.5524,4658.32877,seds2_PA,5
590142.70079,4729881.01269,4742.09512,seds2_PA,5
591095.36493,4729569.41588,4813.76406,seds2_PA,5
592047.17917,4729257.67398,4824.1888,seds2_PA,5
592999.62967,4728944.65203,4774.43779,seds2_PA,5
593951.9997,4728632.58449,4488.7432,seds2_PA,5
594904.28979,4728321.47135,4188.53228,seds2_PA,5
595856.46396,4728009.08991,3218.449,seds2_PA,5
596808.5401,4727696.55153,3007.04802,seds2_PA,5
597760.53681,4727384.96756,2877.94452,seds2_PA,5
598712.43584,4727073.22666,2834.60308,seds2_PA,5
599664.23715,4726761.32883,2792.90158,seds2_PA,5
600616.69233,4726449.26109,2627.82026,seds2_PA,5
601568.29816,4726137.04927,2431.94128,seds2_PA,5
602519.82579,4725825.79189,2156.31221,seds2_PA,5
603471.98777,4725513.25288,1899.36649,seds2_PA,5
365136.18806,4803597.23299,4661.8889,base_AU,7
366099.49861,4803280.92648,4578.89299,base_AU,7
367061.9156,4802965.56076,4646.73079,base_AU,7
368024.98707,4802650.05865,4748.77127,base_AU,7
368987.92712,4802335.5143,4655.05601,base_AU,7
369950.7847,4802019.70528,4711.30779,base_AU,7
370913.53522,4801703.74281,4773.30179,base_AU,7
371876.91607,4801388.75445,4948.04848,base_AU,7
372839.42892,4801073.5962,5018.31273,base_AU,7
373801.83505,4800758.2845,4998.88367,base_AU,7
374764.89556,4800442.83535,4794.55894,base_AU,7
375727.84925,4800127.23254,4846.97017,base_AU,7
376689.93506,4799811.46032,4757.90858,base_AU,7
377652.65231,4799496.66152,4539.58055,base_AU,7
378615.28567,4799180.59784,4436.23109,base_AU,7
379577.78974,4798865.49174,4431.72337,base_AU,7
380540.18728,4798550.23198,4579.69336,base_AU,7
381502.47829,4798234.81859,5007.27791,base_AU,7
382464.64085,4797920.36278,5049.25218,base_AU,7
383427.47969,4797604.65699,5147.2865,base_AU,7
384389.42964,4797289.89381,4946.94241,base_AU,7
385351.29475,4796973.86577,4931.14712,base_AU,7
386313.79269,4796658.80985,4947.91122,base_AU,7
387276.18432,4796343.60007,4647.7063,base_AU,7
388237.7091,4796028.22217,4898.72681,base_AU,7
389199.86744,4795713.81605,4743.65216,base_AU,7
390161.94028,4795398.14484,4423.56181,base_AU,7
391123.88646,4795083.43103,4627.33796,base_AU,7
392085.72663,4794768.56339,4451.5251,base_AU,7
393047.46078,4794453.54191,4503.32345,base_AU,7
394009.0889,4794138.36661,4354.55906,base_AU,7
394971.37122,4793823.05089,4661.18134,base_AU,7
395932.78721,4793507.56783,4590.85102,base_AU,7
396894.83805,4793193.05535,4449.87497,base_AU,7
397856.04206,4792877.26454,4299.0208,base_AU,7
398817.88116,4792562.44409,4584.5502,base_AU,7
399779.61444,4792247.4696,4641.65175,base_AU,7
400741.24191,4791932.34106,4319.90658,base_AU,7
401701.98525,4791618.15719,4143.23019,base_AU,7
402663.40125,4791302.72071,4047.35414,base_AU,7
403625.45326,4790988.25376,3936.60061,base_AU,7
404586.65768,4790672.50911,4140.8438,base_AU,7
405547.73859,4790357.72169,4195.8675,base_AU,7
406508.71398,4790042.78027,4339.3081,base_AU,7
407470.32622,4789728.8079,4396.07837,base_AU,7
408431.09065,4789413.55834,4322.3895,base_AU,7
409392.50914,4789098.16635,4547.21106,base_AU,7
410353.04565,4788783.71992,4462.00903,base_AU,7
411314.23647,4788469.13084,4264.33788,base_AU,7
412275.32197,4788154.38753,4406.95237,base_AU,7
413236.30215,4787839.48998,4647.83613,base_AU,7
414197.177,4787524.43822,4838.32683,base_AU,7
415157.93064,4787210.3435,5160.95691,base_AU,7
416118.59498,4786894.98331,4915.56077,base_AU,7
417079.13844,4786580.58017,4730.35209,base_AU,7
418040.33612,4786266.0333,4604.8586,base_AU,7
419000.6695,4785951.32163,4688.02261,base_AU,7
419961.65699,4785636.466,4605.01813,base_AU,7
420921.78025,4785321.44583,4397.69756,base_AU,7
421882.5429,4785007.39272,4343.85146,base_AU,7
422843.2152,4784692.07391,4569.55985,base_AU,7
423803.0091,4784377.70221,4793.88846,base_AU,7
424763.45721,4784063.18596,4819.99675,base_AU,7
425723.8005,4783748.51529,4534.37404,base_AU,7
426684.03896,4783433.69021,4247.16534,base_AU,7
427644.91784,4783119.83125,3991.0912,base_AU,7
428604.94674,4782804.69724,4024.43242,base_AU,7
429564.8576,4782490.52011,4305.73948,base_AU,7
430525.42262,4782176.19748,4437.18041,base_AU,7
431485.1244,4781861.71145,4453.00862,base_AU,7
432445.48025,4781547.07967,4846.95584,base_AU,7
433404.97291,4781232.28475,4912.79426,base_AU,7
434365.11954,4780917.34385,4766.31241,base_AU,7
435325.1494,4780603.35962,4825.58437,base_AU,7
436285.07496,4780289.22077,4855.19472,base_AU,7
437244.89622,4779974.92732,4980.38697,base_AU,7
438204.61316,4779660.47926,4905.50764,base_AU,7
439164.22577,4779345.87661,4872.82005,base_AU,7
440123.73404,4779031.11936,4826.38489,base_AU,7
441083.12691,4778717.31881,4649.70232,base_AU,7
442043.18485,4778402.2598,4625.74288,base_AU,7
443002.36949,4778088.14995,4788.60228,base_AU,7
443962.20822,4777773.8927,4412.52974,base_AU,7
444921.18477,4777459.47358,4170.7413,base_AU,7
445880.80515,4777146.01811,4198.26503,base_AU,7
446840.33173,4776831.29654,4194.93492,base_AU,7
447798.99622,4776516.41349,4197.11267,base_AU,7
448758.30493,4776202.49372,4213.42985,base_AU,7
449717.50983,4775888.41916,4306.89204,base_AU,7
450676.61092,4775574.18981,4317.11924,base_AU,7
451636.36595,4775259.81185,4554.87442,base_AU,7
452595.25933,4774945.2728,4583.54457,base_AU,7
453554.04015,4774631.69027,4810.72139,base_AU,7
454513.47512,4774317.95878,4725.54656,base_AU,7
455472.05724,4774002.95528,4735.24895,base_AU,7
456431.28488,4773688.91388,4604.22414,base_AU,7
457389.65138,4773374.71202,4811.09898,base_AU,7
458348.664,4773061.47203,4753.47435,base_AU,7
459307.581,4772746.96575,4473.5224,base_AU,7
460266.38689,4772433.41576,4333.76237,base_AU,7
461225.09677,4772118.59949,4220.33213,base_AU,7
462183.69588,4771804.73952,4320.62161,base_AU,7
463142.19168,4771490.72458,4370.38466,base_AU,7
464100.58416,4771176.55465,4632.53615,base_AU,7
465058.86673,4770863.34105,4891.92387,base_AU,7
466017.0527,4770548.86117,4712.7506,base_AU,7
466975.88623,4770235.34186,4781.10721,base_AU,7
467933.86562,4769920.55193,4856.37545,base_AU,7
468892.49283,4769606.72233,4819.79254,base_AU,7
469851.01693,4769292.73753,4811.17448,base_AU,7
470808.67546,4768979.7051,4663.04762,base_AU,7
471766.99353,4768665.41003,4561.20087,base_AU,7
472725.20846,4768350.95978,4589.65534,base_AU,7
473683.31528,4768037.46564,4674.2157,base_AU,7
474641.31931,4767723.81633,5242.90409,base_AU,7
475599.22053,4767410.01184,5468.12338,base_AU,7
476557.01892,4767096.05218,5350.38606,base_AU,7
477515.47115,4766781.94023,5287.97882,base_AU,7
478473.05978,4766468.78143,5584.78737,base_AU,7
479430.54978,4766154.35615,6127.09684,base_AU,7
480388.68978,4765840.88954,6179.67409,base_AU,7
481345.97067,4765527.26514,6220.37959,base_AU,7
482303.90551,4765213.48787,6330.21965,base_AU,7
483261.73773,4764899.5552,6330.55035,base_AU,7
484218.70796,4764586.57644,6475.16466,base_AU,7
485176.33513,4764272.33312,6469.90837,base_AU,7
486133.85705,4763959.04575,6654.98877,base_AU,7
487091.27666,4763645.603,6872.50502,base_AU,7
488048.59397,4763332.00488,7156.77534,base_AU,7
489006.56514,4763018.25281,7378.10856,base_AU,7
489963.67776,4762704.34384,7276.94108,base_AU,7
490920.68803,4762390.27951,7361.84534,base_AU,7
491878.35049,4762077.17218,7156.86016,base_AU,7
492835.15484,4761763.90835,7016.19245,base_AU,7
485220.99585,4764257.99797,6105.18762,seds3_PA,6
486178.51303,4763944.70335,6400.34134,seds3_PA,6
487135.93035,4763630.14204,6402.27072,seds3_PA,6
488093.24274,4763316.53667,6406.88002,seds3_PA,6
489050.45282,4763002.77594,6410.16231,seds3_PA,6
490007.55869,4762689.97117,6308.00761,seds3_PA,6
490964.56427,4762375.89971,6384.96248,seds3_PA,6
491922.22205,4762062.78526,6438.65596,seds3_PA,6
492879.02306,4761748.40298,6476.86426,seds3_PA,6
493836.47652,4761434.97747,6457.27519,seds3_PA,6
364758.5148,4803720.9959,4366.3455,sea_AU,1
365721.86741,4803404.74955,4370.78194,sea_AU,1
366684.32637,4803089.44395,4392.52382,sea_AU,1
367647.43984,4802774.002,4401.0945,sea_AU,1
368610.44627,4802458.4066,4396.11975,sea_AU,1
369573.32139,4802143.76895,4398.273,sea_AU,1
370536.11392,4801827.86664,4399.27612,sea_AU,1
371499.56065,4801511.82726,4402.62554,sea_AU,1
372462.11527,4801196.72916,4406.886,sea_AU,1
373424.56317,4800881.47762,4412.15775,sea_AU,1
374387.66547,4800566.08866,4475.19452,sea_AU,1
375349.89986,4800250.53014,4489.22925,sea_AU,1
376312.78855,4799934.83397,4481.5763,sea_AU,1
377275.54753,4799620.09536,4456.56519,sea_AU,1
378238.20002,4799305.2031,4412.39684,sea_AU,1
379200.7685,4798989.04595,4448.02199,sea_AU,1
380163.20779,4798673.84639,4413.61305,sea_AU,1
381125.54054,4798358.49318,4407.11172,sea_AU,1
382087.74479,4798044.09755,4419.5486,sea_AU,1
383049.86465,4797728.43707,4421.95875,sea_AU,1
384011.87795,4797412.62295,4422.16665,sea_AU,1
384974.52391,4797097.78112,4425.96825,sea_AU,1
385936.30294,4796782.77087,4424.63546,sea_AU,1
386898.73633,4796467.62143,4422.25575,sea_AU,1
387861.06339,4796152.31814,4426.11675,sea_AU,1
388822.52363,4795836.84681,4415.49083,sea_AU,1
389784.6175,4795522.34718,4419.56196,sea_AU,1
390746.62577,4795206.58247,4467.56607,sea_AU,1
391708.50746,4794891.77516,4454.2575,sea_AU,1
392670.28315,4794576.81402,4429.30579,sea_AU,1
393632.7131,4794261.71262,4395.57104,sea_AU,1
394594.27668,4793946.4437,4407.58915,sea_AU,1
395555.73422,4793631.02097,4378.18318,sea_AU,1
396517.82655,4793316.56887,4385.6505,sea_AU,1
397479.07211,4793000.83838,4281.23792,sea_AU,1
398440.95272,4792686.0783,4408.03168,sea_AU,1
399402.72752,4792371.16417,4388.175,sea_AU,1
400363.6365,4792056.08328,4360.25403,sea_AU,1
401325.19968,4791740.8612,4201.54762,sea_AU,1
402286.63878,4791426.59633,4151.54842,sea_AU,1
403247.99046,4791111.06619,3933.58828,sea_AU,1
404209.21838,4790796.49327,4100.04788,sea_AU,1
405171.10058,4790481.77844,4159.30977,sea_AU,1
406132.11743,4790166.89737,4234.47602,sea_AU,1
407093.02874,4789851.86229,4336.79177,sea_AU,1
408054.59417,4789536.68494,4315.28452,sea_AU,1
409015.27735,4789222.45299,4283.77059,sea_AU,1
409976.63172,4788906.96728,4283.42087,sea_AU,1
410937.86378,4788592.43859,4276.10205,sea_AU,1
411898.23105,4788277.74441,4361.4153,sea_AU,1
412859.25254,4787962.90738,4472.19036,sea_AU,1
413820.16869,4787647.91613,4446.90675,sea_AU,1
414780.97951,4787332.77066,4449.43125,sea_AU,1
415742.42854,4787018.59301,4448.9115,sea_AU,1
416703.01321,4786704.25025,4450.842,sea_AU,1
417663.50827,4786388.64203,4439.78172,sea_AU,1
418623.88273,4786073.99086,4468.45187,sea_AU,1
419584.91132,4785759.19578,4481.33573,sea_AU,1
420545.81991,4785445.35753,4375.17457,sea_AU,1
421505.87934,4785130.24354,4373.78684,sea_AU,1
422466.57824,4784816.09655,4481.77158,sea_AU,1
423427.18667,4784500.68386,4513.97306,sea_AU,1
424386.91683,4784186.21836,4492.49402,sea_AU,1
425347.30117,4783871.60823,4470.9593,sea_AU,1
426307.58069,4783556.84369,4320.85104,sea_AU,1
427267.74174,4783243.03602,4066.92792,sea_AU,1
428228.57054,4782927.97185,3915.91382,sea_AU,1
429188.52239,4782613.85525,4219.0335,sea_AU,1
430148.38281,4782298.47298,4236.73693,sea_AU,1
431108.87121,4781985.16769,4296.4859,sea_AU,1
432068.52219,4781669.47652,4499.53292,sea_AU,1
433028.80175,4781355.86209,4552.5103,sea_AU,1
433988.98941,4781040.98177,4550.0452,sea_AU,1
434948.30175,4780727.04978,4560.56939,sea_AU,1
435908.28033,4780411.86035,4566.5235,sea_AU,1
436868.14242,4780097.62759,4568.3055,sea_AU,1
437827.9002,4779783.24022,4567.93425,sea_AU,1
438787.55365,4779468.69825,4567.86,sea_AU,1
439747.86106,4779154.00939,4566.078,sea_AU,1
440707.29467,4778840.2694,4555.65775,sea_AU,1
441666.62429,4778526.37482,4493.63153,sea_AU,1
442626.61883,4778211.22171,4458.613,sea_AU,1
443585.7402,4777897.01784,4423.77416,sea_AU,1
444545.51563,4777582.6665,4281.13843,sea_AU,1
445504.4289,4777268.15337,4240.51625,sea_AU,1
446463.98608,4776954.6038,4182.42008,sea_AU,1
447423.44934,4776639.78815,4223.79961,sea_AU,1
448382.79876,4776325.92898,4207.42154,sea_AU,1
449342.04438,4776011.91501,4258.28205,sea_AU,1
450301.18619,4775697.74625,4315.47682,sea_AU,1
451260.22418,4775383.4227,4476.06027,sea_AU,1
452219.15834,4775068.94436,4558.92772,sea_AU,1
453177.98865,4774754.31124,4623.61136,sea_AU,1
454137.46417,4774440.64051,4645.11267,sea_AU,1
455096.07847,4774126.80901,4605.51737,sea_AU,1
456055.34685,4773812.82837,4572.4286,sea_AU,1
457013.75407,4773498.68721,4486.19614,sea_AU,1
457972.81526,4773184.39667,4496.14935,sea_AU,1
458931.77283,4772869.95113,4492.26088,sea_AU,1
459890.61922,4772556.4619,4360.79308,sea_AU,1
460849.36968,4772241.70637,4281.27059,sea_AU,1
461807.25196,4771927.90225,4280.00537,sea_AU,1
462766.54561,4771613.95294,4315.48202,sea_AU,1
463724.97861,4771299.84375,4277.70511,sea_AU,1
464683.30827,4770985.57958,4309.86055,sea_AU,1
465641.52813,4770672.27175,4328.55225,sea_AU,1
466600.40842,4770357.70192,4348.1884,sea_AU,1
467558.42207,4770044.08403,4359.30809,sea_AU,1
468517.08976,4769730.31521,4412.3857,sea_AU,1
469474.89733,4769416.38727,4484.08892,sea_AU,1
470433.35884,4769102.30818,4498.96417,sea_AU,1
471391.71723,4768788.07388,4450.50862,sea_AU,1
472349.96728,4768474.79571,4536.40028,sea_AU,1
473307.36271,4768160.24762,4557.33061,sea_AU,1
474265.40704,4767846.6592,4852.40679,sea_AU,1
475223.34856,4767532.9156,4973.40979,sea_AU,1
476181.94399,4767219.01988,5046.3812,sea_AU,1
477139.67982,4766904.96582,5145.4307,sea_AU,1
478097.30869,4766591.8679,5498.15978,sea_AU,1
479055.59562,4766277.50619,5549.99148,sea_AU,1
480013.01928,4765964.09783,5560.17041,sea_AU,1
480971.09696,4765650.53675,5585.37977,sea_AU,1
481928.31555,4765336.81797,5614.92979,sea_AU,1
482886.18805,4765022.94623,5631.97684,sea_AU,1
483843.95793,4764708.9191,5582.03407,sea_AU,1
493848.57571,4761431.65614,6843.70527,base_PA,8
494805.92588,4761118.07307,6516.48844,base_PA,8
495763.17393,4760804.33441,5788.82007,base_PA,8
496719.564,4760490.43975,4885.00623,base_PA,8
497676.60739,4760177.50139,4158.45886,base_PA,8
498633.54925,4759863.29612,3938.74588,base_PA,8
499590.38888,4759550.04662,3925.91209,base_PA,8
500547.1267,4759236.64154,4121.52447,base_PA,8
501503.7627,4758923.08091,4422.98934,base_PA,8
502461.05296,4758610.47573,4595.90374,base_PA,8
503417.48544,4758296.60386,4697.73808,base_PA,8
504373.81688,4757983.68777,4577.11515,base_PA,8
505330.80133,4757669.50412,2890.42329,base_PA,8
506286.92954,4757356.27682,2659.79212,base_PA,8
507243.71166,4757042.89304,2811.0825,base_PA,8
508199.63678,4756729.35455,2920.1124,base_PA,8
509156.21743,4756416.77067,2989.46282,base_PA,8
510112.6949,4756102.91969,2949.46387,base_PA,8
511069.07281,4755790.02428,2993.91753,base_PA,8
512025.34943,4755476.97309,3067.48846,base_PA,8
512981.52474,4755163.76615,3059.20449,base_PA,8
513937.59874,4754850.40345,2943.91207,base_PA,8
514893.5714,4754536.88499,2272.01288,base_PA,8
515849.44274,4754223.21078,2293.21051,base_PA,8
516805.97091,4753910.49001,2257.71307,base_PA,8
517761.64304,4753597.61552,2260.64149,base_PA,8
518717.96555,4753283.47156,2350.59091,base_PA,8
519673.43914,4752971.39681,2359.9672,base_PA,8
520629.56303,4752658.05234,2558.40775,base_PA,8
521584.83097,4752344.55467,2790.28084,base_PA,8
522540.7569,4752032.00972,3232.09447,base_PA,8
523496.57761,4751718.19747,3644.83614,base_PA,8
524452.30179,4751405.34059,3807.09742,base_PA,8
525407.92517,4751092.32774,3856.70384,base_PA,8
526363.44773,4750779.15895,3610.39074,base_PA,8
527318.86947,4750465.8342,3589.93544,base_PA,8
528274.19572,4750153.46484,3714.87145,base_PA,8
529229.41596,4749839.82819,3817.10024,base_PA,8
530185.29551,4749527.14307,4061.83591,base_PA,8
531140.32006,4749214.30576,4492.11637,base_PA,8
532095.99847,4748901.3084,4202.7529,base_PA,8
533050.82194,4748588.1591,3953.62173,base_PA,8
534006.29916,4748274.84951,3432.39633,base_PA,8
534960.92811,4747962.49958,3211.59094,base_PA,8
535916.20429,4747648.87777,3132.82134,base_PA,8
536871.3868,4747336.21114,3325.37386,base_PA,8
537826.46901,4747023.38836,3452.11004,base_PA,8
538781.4509,4746710.40942,3141.68159,base_PA,8
539736.33248,4746397.27432,3641.51668,base_PA,8
540691.12143,4746085.09442,3420.35906,base_PA,8
541645.80251,4745771.64704,3132.82848,base_PA,8
542600.3913,4745459.15485,2895.56346,base_PA,8
543554.8801,4745146.50653,2844.20494,base_PA,8
544510.02274,4744833.69635,2878.92473,base_PA,8
545464.31145,4744520.73564,2549.34108,base_PA,8
546419.25392,4744207.61283,2542.31515,base_PA,8
547373.35149,4743895.45109,2469.94259,base_PA,8
548328.10307,4743583.12701,2396.96523,base_PA,8
549282.74552,4743269.53522,2098.97474,base_PA,8
550237.29734,4742956.89842,1774.53268,base_PA,8
551191.00547,4742645.2232,1585.58944,base_PA,8
552145.35788,4742332.27381,1635.05405,base_PA,8
553099.61046,4742019.16807,1771.1944,base_PA,8
554053.77346,4741707.01734,2041.4837,base_PA,8
555008.57996,4741393.59183,2478.45683,base_PA,8
555962.54374,4741081.12829,2891.50241,base_PA,8
556916.40802,4740768.50842,3157.85521,base_PA,8
557870.17276,4740455.73221,3561.525,base_PA,8
558824.60242,4740143.90345,3940.51822,base_PA,8
559778.16823,4739830.81446,3654.69115,base_PA,8
560732.39921,4739518.67268,3269.01662,base_PA,8
561685.77775,4739206.38227,3451.72034,base_PA,8
562639.81019,4738893.92749,3838.47349,base_PA,8
563593.74333,4738581.31615,4158.43318,base_PA,8
564546.82411,4738268.55656,4491.85922,base_PA,8
565500.55864,4737955.63223,4844.85061,base_PA,8
566454.20646,4737643.66271,5154.2473,base_PA,8
567407.75529,4737331.53664,5286.70501,base_PA,8
568361.20512,4737019.25402,5255.69404,base_PA,8
569315.29562,4736705.69459,5118.62569,base_PA,8
570268.56056,4736394.21013,4863.01813,base_PA,8
571221.71329,4736081.45779,4598.42857,base_PA,8
572174.76697,4735768.54891,4413.30204,base_PA,8
573128.4882,4735456.58544,4376.73095,base_PA,8
574081.35799,4735144.47475,4425.18745,base_PA,8
575034.88168,4734832.19787,4665.1797,base_PA,8
575987.554,4734519.77401,4555.13156,base_PA,8
576940.88011,4734207.18373,4336.03516,base_PA,8
577894.12222,4733895.54805,4242.5896,base_PA,8
578846.49839,4733582.65441,4365.71776,base_PA,8
579799.5434,4733270.70535,4334.35022,base_PA,8
580752.48991,4732958.59954,4475.31827,base_PA,8
581705.33791,4732646.33698,4737.31548,base_PA,8
582658.0874,4732333.91768,4973.78593,base_PA,8
583610.73835,4732021.34165,5072.91209,base_PA,8
584564.05909,4731709.70934,5130.6136,base_PA,8
585516.52937,4731397.93107,5302.54472,base_PA,8
586468.88499,4731084.88471,5516.09952,base_PA,8
587421.91079,4730772.78172,5639.40718,base_PA,8
588374.08622,4730460.53315,5775.15746,base_PA,8
589326.93246,4730149.2277,5956.59542,base_PA,8
590278.91155,4729836.66557,6091.80216,base_PA,8
591231.56172,4729525.04633,6209.89466,base_PA,8
592183.34443,4729212.17065,6222.22161,base_PA,8
593135.79848,4728900.23761,6158.52808,base_PA,8
594088.15452,4728588.14763,5714.64229,base_PA,8
595040.41255,4728275.9007,5264.4077,base_PA,8
595992.59085,4727964.60818,3770.27348,base_PA,8
596944.653,4727652.04736,3513.2456,base_PA,8
597896.63575,4727340.44095,3329.22394,base_PA,8
598848.52081,4727028.67761,3281.20156,base_PA,8
599800.30816,4726716.75734,3200.85751,base_PA,8
600752.74937,4726404.66715,2950.62703,base_PA,8
601704.34123,4726092.4329,2662.37765,base_PA,8
602655.85492,4725781.15308,2227.51213,base_PA,8
603608.00292,4725468.59162,1916.15672,base_PA,8
604559.32161,4725156.99784,1676.34076,base_PA,8
605511.29426,4724845.23354,1309.49453,base_PA,8
606463.16941,4724533.31207,996.32288,base_PA,8
607414.19574,4724221.24731,865.41122,base_PA,8
608365.87589,4723909.01166,588.90793,base_PA,8
609317.47936,4723597.73021,516.41471,base_PA,8
610268.96461,4723285.18026,483.44609,base_PA,8
611220.37353,4722973.58453,455.71788,base_PA,8
612171.68524,4722661.83165,296.44734,base_PA,8
613122.89974,4722349.92163,393.44291,base_PA,8
614074.03878,4722038.96583,434.23991,base_PA,8
615025.05899,4721726.74155,420.84051,base_PA,8
615976.75505,4721415.45652,395.90948,base_PA,8
616927.60321,4721104.02921,394.13366,base_PA,8
617878.35447,4720792.44477,390.97683,base_PA,8
618829.73696,4720479.57652,414.52536,base_PA,8
619780.31701,4720168.78907,426.65625,base_PA,8
620731.5282,4719856.71757,438.93982,base_PA,8
621682.6656,4719545.60007,442.08054,base_PA,8
622632.9322,4719233.22968,512.28832,base_PA,8
623583.87609,4718921.79758,711.55552,base_PA,8
624534.72328,4718610.20813,741.37075,base_PA,8
625485.47375,4718298.46134,863.18469,base_PA,8
626436.15167,4717987.66855,823.74225,base_PA,8
627386.70886,4717675.60706,465.27442,base_PA,8
628337.19384,4717364.49958,446.762,base_PA,8
629287.55771,4717052.12341,443.23575,base_PA,8
484756.20315,4764410.17793,5557.45658,sea_PA,2
485713.77271,4764095.8474,5053.94802,sea_PA,2
486671.2371,4763782.47282,4517.08785,sea_PA,2
487628.59919,4763468.94287,4422.89282,sea_PA,2
488585.85896,4763155.25755,4334.14699,sea_PA,2
489543.0164,4762841.41686,4312.13855,sea_PA,2
490500.82585,4762528.53335,4279.45295,sea_PA,2
491457.77875,4762214.38183,4225.419,sea_PA,2
492415.3839,4761901.18724,4167.52925,sea_PA,2
493372.13097,4761587.83622,4083.67798,sea_PA,2
494329.53198,4761274.33057,4060.09024,sea_PA,2
495286.07496,4760960.66873,4112.46173,sea_PA,2
496243.27178,4760646.85204,4167.3206,sea_PA,2
497200.36594,4760333.9911,4190.373,sea_PA,2
498157.35866,4760019.86325,3996.26716,sea_PA,2
499114.24907,4759706.69116,3658.31903,sea_PA,2
500071.03768,4759393.3635,3449.50204,sea_PA,2
501027.72447,4759079.88028,3121.07276,sea_PA,2
501984.30944,4758766.24149,2937.99825,sea_PA,2
502940.79257,4758452.44716,2800.76792,sea_PA,2
503897.93016,4758139.60809,2704.84582,sea_PA,2
504854.20973,4757825.50253,2711.80528,sea_PA,2
505810.38854,4757512.35275,2546.78688,sea_PA,2
506767.22126,4757199.04657,2303.67827,sea_PA,2
507723.95238,4756885.5846,2205.77371,sea_PA,2
508679.82652,4756571.96796,2002.06512,sea_PA,2
509636.35626,4756259.3059,1985.07375,sea_PA,2
510592.78471,4755946.48806,1901.06284,sea_PA,2
511549.1097,4755632.40312,1897.05038,sea_PA,2
512505.33538,4755319.27375,1951.72362,sea_PA,2
513461.45976,4755005.98862,2075.02688,sea_PA,2
514417.48281,4754692.54773,2253.2603,sea_PA,2
515373.40744,4754380.06242,2246.96464,sea_PA,2
516329.98303,4754066.30794,2229.46317,sea_PA,2
517285.70546,4753753.51102,2242.15398,sea_PA,2
518241.32689,4753440.55835,2322.33433,sea_PA,2
519197.5986,4753126.33615,2319.77196,sea_PA,2
520153.02158,4752814.18323,2468.12272,sea_PA,2
521109.09473,4752500.76053,2659.46942,sea_PA,2
522065.06676,4752187.18186,2871.21483,sea_PA,2
523020.18724,4751874.56151,2944.4773,sea_PA,2
523975.96174,4751561.78236,3192.61709,sea_PA,2
524931.63072,4751247.73592,3385.99528,sea_PA,2
525887.20343,4750934.64485,3399.99808,sea_PA,2
526842.6804,4750622.50917,3451.437,sea_PA,2
527798.05165,4750309.1062,3532.41034,sea_PA,2
528754.07657,4749995.54359,3578.36144,sea_PA,2
529709.2517,4749682.93994,3623.05177,sea_PA,2
530664.32633,4749370.18036,3623.994,sea_PA,2
531620.05485,4749057.26077,3627.15408,sea_PA,2
532574.92841,4748744.1892,3636.171,sea_PA,2
533530.45576,4748430.95738,3590.61788,sea_PA,2
534485.1282,4748117.57383,3292.54423,sea_PA,2
535440.46104,4747805.14114,3162.71365,sea_PA,2
536395.69359,4747492.55228,3142.06918,sea_PA,2
537350.82585,4747179.80727,3310.60183,sea_PA,2
538305.85781,4746866.9061,3279.35074,sea_PA,2
539260.78944,4746553.84877,3169.09544,sea_PA,2
540215.62076,4746240.6353,3010.64371,sea_PA,2
541170.35953,4745928.37702,2898.05101,sea_PA,2
542124.99033,4745614.85125,2816.07826,sea_PA,2
543079.52894,4745302.28069,2739.67576,sea_PA,2
544034.72142,4744989.54833,2626.0198,sea_PA,2
544989.05996,4744676.66537,2648.92072,sea_PA,2
545944.05227,4744363.62038,2502.97121,sea_PA,2
546898.19959,4744051.53639,2457.16787,sea_PA,2
547852.99187,4743738.17878,2529.62399,sea_PA,2
548806.93957,4743425.78243,2254.24708,sea_PA,2
549761.54121,4743113.22357,1928.44402,sea_PA,2
550716.04305,4742800.50834,1627.808,sea_PA,2
551670.44507,4742487.63676,1588.87575,sea_PA,2
552624.74727,4742174.60883,1681.86274,sea_PA,2
553578.9598,4741862.5359,1904.39073,sea_PA,2
554533.06249,4741549.19527,2261.8087,sea_PA,2
555487.07586,4741236.80966,2486.85154,sea_PA,2
556440.98972,4740924.2677,2478.51178,sea_PA,2
557395.5574,4740611.56202,2490.65091,sea_PA,2
558349.28324,4740299.81863,2530.36352,sea_PA,2
559302.89866,4739986.80756,2553.72926,sea_PA,2
560257.16774,4739673.63241,2576.84105,sea_PA,2
561211.3488,4739361.41204,2634.39074,sea_PA,2
562164.67743,4739049.0431,2736.82827,sea_PA,2
563118.65995,4738736.50973,2724.381,sea_PA,2
564072.54315,4738423.81981,2741.38425,sea_PA,2
565026.33938,4738112.08467,2748.04744,sea_PA,2
565979.27112,4737799.09013,2736.5179,sea_PA,2
566932.86926,4737487.04203,2724.16568,sea_PA,2
567886.3555,4737173.72602,2706.66346,sea_PA,2
568839.75546,4736861.36483,2685.59726,sea_PA,2
569793.82249,4736549.94947,2663.74622,sea_PA,2
570747.02455,4736237.27508,2640.85718,sea_PA,2
571700.12757,4735924.44416,2616.33388,sea_PA,2
572653.89807,4735612.55871,2588.6921,sea_PA,2
573606.80312,4735299.41461,2559.09233,sea_PA,2
574559.62328,4734987.22535,2526.65251,sea_PA,2
575513.09731,4734674.86984,2478.07444,sea_PA,2
576466.47254,4734362.35757,2434.20903,sea_PA,2
577419.01115,4734050.80987,2397.61789,sea_PA,2
578372.18894,4733737.98421,2360.49289,sea_PA,2
579325.28298,4733426.11315,2382.2563,sea_PA,2
580278.27853,4733114.08534,2423.54227,sea_PA,2
581231.17558,4732801.90079,2441.37416,sea_PA,2
582183.97412,4732489.55949,2464.89581,sea_PA,2
583136.67414,4732177.06145,2509.85048,sea_PA,2
584089.29162,4731865.51804,2675.40273,sea_PA,2
585041.79473,4731552.70653,2706.93225,sea_PA,2
585994.96782,4731240.83857,2714.48348,sea_PA,2
586947.2905,4730928.82483,2648.98384,sea_PA,2
587899.51497,4730616.65438,2604.98774,sea_PA,2
588852.39325,4730304.31575,2588.15898,sea_PA,2
589804.42121,4729991.83173,2577.12172,sea_PA,2
590757.12018,4729680.29066,2565.7132,sea_PA,2
591709.7037,4729367.48127,2551.99255,sea_PA,2
592661.45462,4729055.63822,2525.95827,sea_PA,2
593613.85948,4728743.6264,2422.44115,sea_PA,2
594566.16634,4728431.45763,2331.92446,sea_PA,2
595518.37517,4728119.13192,2274.55445,sea_PA,2
596470.50435,4727807.76062,2143.43786,sea_PA,2
597422.53585,4727496.23238,2160.83984,sea_PA,2
598374.45091,4727183.43584,2086.26314,sea_PA,2
599326.28684,4726871.59373,2107.68203,sea_PA,2
600278.77664,4726559.58176,2069.71578,sea_PA,2
601230.41709,4726247.42566,2006.59289,sea_PA,2
602181.97929,4725936.22399,1901.66947,sea_PA,2
603134.17591,4725623.74075,1798.0276,sea_PA,2
604085.54311,4725312.22512,1749.30847,sea_PA,2
605037.5643,4725000.53902,1580.23899,sea_PA,2
605988.73663,4724688.70944,1215.93433,sea_PA,2
606940.56286,4724376.70915,953.90683,sea_PA,2
607892.29156,4724064.5517,751.1078,sea_PA,2
608843.94351,4723753.34846,418.30371,sea_PA,2
609795.47733,4723440.87672,281.36592,sea_PA,2
610746.18356,4723129.37347,265.33906,sea_PA,2
611698.29493,4722817.68451,270.17793,sea_PA,2
612649.55792,4722505.85269,235.17202,sea_PA,2
613600.72369,4722193.86373,215.325,sea_PA,2
614551.79222,4721881.71764,208.32916,sea_PA,2
615502.78556,4721570.52578,200.78091,sea_PA,2
616453.682,4721259.17678,195.0889,sea_PA,2
617405.21003,4720946.54415,189.85725,sea_PA,2
618355.93504,4720635.99214,186.74989,sea_PA,2
619307.29153,4720324.15625,183.6945,sea_PA,2
620257.80022,4720012.17852,180.19213,sea_PA,2
621208.9627,4719700.02803,176.10838,sea_PA,2
622159.30078,4719388.8473,179.685,sea_PA,2
623110.29292,4719077.49358,178.9425,sea_PA,2
624061.18836,4718765.9825,178.27425,sea_PA,2
625011.9871,4718454.31407,179.16525,sea_PA,2
625962.68911,4718142.48829,178.9425,sea_PA,2
626913.2944,4717830.50516,177.38325,sea_PA,2
627863.82738,4717519.47605,177.012,sea_PA,2
628814.23935,4717207.17824,175.23,sea_PA,2
484312.58286,4764555.70973,5654.53084,decoll,9
485270.19996,4764241.45118,6127.53138,decoll,9
486227.71182,4763928.14858,6404.66875,decoll,9
487185.12137,4763614.6906,6398.30006,decoll,9
488142.42862,4763301.07725,6407.85628,decoll,9
489100.38973,4762987.30993,6406.32851,decoll,9
490057.49229,4762673.38573,6308.75504,decoll,9
491014.4925,4762359.30618,6389.94887,decoll,9
491971.38885,4762046.18258,6435.00394,decoll,9
492928.93921,4761732.90455,6479.99994,decoll,9
493886.38748,4761419.47092,6458.10788,decoll,9
